 2003 WL7 12.953 39.076 9.2 20040714 340.6 86.0 4.0 10.8 0.502 26.015
 2003 UY292 15.913 27.816 10.2 20031028 0.0 23.9 28.3 8.6 0.272 21.864
 2003 UW292 15.729 20.491 8.4 20031028 180.1 175.2 38.4 21.0 0.131 18.110
 2003 UA118 9.810 13.985 10.8 20031028 247.7 249.3 260.4 3.9 0.175 11.898
 2003 UY117 32.466 78.030 6.3 20040714 359.8 112.4 265.2 7.5 0.412 55.248
 2003 QP112 14.184 28.074 12.7 20030918 290.5 106.8 332.1 31.2 0.329 21.129
 2003 QO112 16.545 50.118 11.9 20030918 29.1 276.6 334.3 7.0 0.504 33.331
 2003 QN112 16.743 33.488 12.9 20030918 341.9 220.1 148.5 7.9 0.333 25.115
 2003 QM112 13.170 154 14.1 20030918 0.2 179.0 148.3 16.4 0.842 83.398
 2003 QE112 30.449 74.627 6.1 20030918 313.0 329.1 93.9 4.2 0.420 52.538
 2003 QD112 7.983 28.225 10.7 20040714 29.3 272.9 0.6 14.7 0.559 18.104
 2003 QC112 17.356 26.735 8.7 20040714 236.9 329.1 158.1 16.7 0.213 22.046
 2003 QB92 23.105 84.365 7.7 20030918 330.3 298.8 119.2 3.4 0.570 53.735
 2003 QZ91 22.442 107 8.3 20030829 0.0 187.1 129.3 27.4 0.652 64.520
 2003 QY91 31.955 133 7.7 20030809 360.0 189.9 169.0 26.2 0.613 82.498
 2003 QH91 23.073 138 6.7 20031008 342.7 121.4 286.5 3.6 0.713 80.467
 2003 QA91 26.173 106 5.2 20030918 29.1 123.3 105.3 2.4 0.605 66.218
 2003 QY90 25.655 101 5.5 20030918 31.2 120.9 104.6 3.8 0.595 63.361
 2003 LH7 12.002 21.925 12.5 20030521 359.8 4.4 244.8 21.2 0.292 16.964
 2003 KQ20 8.515 12.610 13.1 20030521 359.7 357.7 252.1 5.7 0.194 10.563
 2003 FH129 32.931 110 8.2 20030411 0.0 355.7 172.2 16.2 0.539 71.452
 2003 CO1 10.931 30.979 8.9 20040714 352.0 116.0 78.5 19.7 0.478 20.955
 2002 XU93 20.981 114 7.9 20040714 357.3 28.0 90.3 77.9 0.689 67.398
 2002 VG131 14.869 20.105 11.2 20021102 359.9 165.2 213.1 21.7 0.150 17.487
 2002 VR130 14.984 31.143 10.9 20021122 0.1 198.9 182.0 3.5 0.350 23.063
 2002 TC302 39.014 71.380 3.9 20040714 311.9 87.1 23.9 35.1 0.293 55.197
 2002 TK301 13.969 18.230 13.4 20020923 359.8 183.0 206.8 24.4 0.132 16.100
 2002 QX47 17.989 19.843 8.6 20020903 0.1 44.5 278.9 7.6 0.049 18.916
 2002 PQ152 20.592 30.625 8.6 20040714 26.3 341.5 325.0 9.4 0.196 25.609
 2002 KY14 10.980 14.469 9.9 20020526 0.1 7.9 244.4 17.0 0.137 12.724
 2002 JR146 32.982 73.813 5.5 20020526 0.0 334.2 243.2 13.1 0.382 53.398
 2002 GZ32 18.091 28.256 6.9 20040714 312.1 153.9 107.3 15.0 0.219 23.174
 2002 GX32 33.206 73.063 7.1 20040714 5.5 189.5 28.1 13.9 0.375 53.135
 2002 GP32 32.027 79.507 6.4 20040714 358.5 110.1 124.0 1.6 0.426 55.767
 2002 GG32 36.121 74.344 6.8 20040714 344.1 228.7 35.7 14.7 0.346 55.233
 2002 GB32 37.609 163 7.0 20020416 359.6 12.0 177.6 15.0 0.624 100
 2002 GA32 35.030 69.324 6.8 20040714 325.4 67.3 244.7 15.1 0.329 52.177
 2002 GZ31 35.092 76.188 6.3 20040714 35.1 36.6 117.7 1.1 0.369 55.640
 2002 GO9 14.040 24.953 9.3 20040714 9.0 92.7 117.4 12.8 0.280 19.497
 2002 FY36 25.654 32.284 8.4 20020327 0.1 194.1 332.8 5.4 0.114 28.969
 2002 DH5 13.984 30.436 10.4 20040714 20.7 328.0 157.0 22.4 0.370 22.210
 2002 CB249 13.899 42.943 9.8 20020215 0.0 168.2 353.5 14.0 0.511 28.421
 2002 CA249 12.744 28.681 12.0 20020215 0.1 182.4 313.6 6.4 0.385 20.713
 2002 CZ248 34.989 78.279 7.6 20020215 0.0 356.1 135.4 5.2 0.382 56.634
 2002 CY224 35.075 74.408 6.0 20040714 13.1 149.0 317.0 15.7 0.359 54.742
 2002 CX154 37.889 108 6.8 20040714 6.4 159.5 347.0 15.9 0.480 72.821
 2001 XZ255 15.473 16.521 11.1 20040714 105.9 289.9 77.8 2.6 0.033 15.997
 2001 XH255 32.377 100 8.8 20011217 0.0 136.8 329.7 2.5 0.512 66.381
 2001 XA255 9.376 51.079 11.2 20040714 347.2 89.0 106.7 12.7 0.690 30.228
 2001 XT254 35.840 130 7.6 20020106 0.0 103.5 2.7 0.5 0.567 82.692
 2001 XQ254 31.092 80.515 7.8 20040714 356.2 9.9 107.2 7.1 0.443 55.803
 2001 SQ73 14.383 20.464 9.7 20040714 56.7 303.7 16.3 17.5 0.175 17.424
 2001 QX322 34.645 85.053 5.7 20040714 22.2 60.4 254.9 28.5 0.421 59.849
 2001 QW297 39.471 63.325 5.7 20040714 55.6 107.6 141.0 17.1 0.232 51.398
 2001 OM109 34.571 102 7.9 20040714 27.5 291.2 306.9 3.6 0.493 68.161
 2001 OT108 32.428 101 9.2 20010710 360.0 177.3 129.3 1.4 0.516 66.951
 2001 KG77 33.974 89.781 8.1 20040714 354.1 15.1 250.5 15.5 0.451 61.878
 2001 KF77 19.831 32.294 9.4 20040714 325.6 265.5 14.6 4.4 0.239 26.062
 2001 KE77 33.627 67.021 7.2 20010620 328.1 71.3 240.1 20.6 0.332 50.324
 2001 KC77 35.408 75.260 6.8 20040714 3.3 179.9 57.8 12.9 0.360 55.334
 2001 KZ76 38.220 120 7.8 20010531 10.3 137.1 41.9 25.7 0.516 78.997
 2001 KV76 34.328 106 7.7 20040714 346.5 229.0 39.6 15.3 0.511 70.199
 2001 KG76 33.971 69.620 5.9 20040714 49.0 64.2 96.0 1.5 0.344 51.796
 2001 FN194 34.989 98.918 8.3 20010312 360.0 181.9 0.1 7.4 0.477 66.954
 2001 FM194 34.331 74.909 7.5 20040714 343.4 43.8 181.8 28.6 0.371 54.620
 2001 FK194 28.010 125 8.9 20010312 360.0 358.5 182.6 8.8 0.633 76.325
 2001 FJ194 36.993 95.012 7.6 20010312 360.0 175.1 5.7 10.4 0.440 66.002
 2001 FP185 34.251 421 6.2 20040714 0.1 7.0 179.3 30.7 0.849 227
 2001 FZ173 32.415 142 6.2 20040714 357.2 199.1 2.4 12.7 0.628 87.042
 2000 YW134 41.198 75.346 5.0 20040714 20.3 317.0 127.0 19.8 0.293 58.272
 2000 YC2 36.156 80.400 7.5 20040714 21.1 146.8 227.6 19.9 0.380 58.278
 2000 YY1 29.766 97.622 7.1 20040714 332.8 292.7 209.7 7.9 0.533 63.694
 2000 SU331 31.515 88.205 9.5 20000913 360.0 319.6 98.2 3.5 0.474 59.860
 2000 SS331 30.481 96.885 9.5 20000913 360.0 272.8 146.7 3.0 0.521 63.683
 2000 SR331 31.134 79.980 8.9 20040714 358.2 239.5 194.7 4.3 0.440 55.557
 2000 SQ331 20.473 119 10.7 20000913 360.0 332.5 86.0 5.4 0.707 69.807
 2000 SN331 14.374 21.601 10.9 20000913 180.8 170.2 66.8 14.7 0.201 17.988
 2000 SM331 32.300 82.417 9.0 20000913 360.0 346.3 72.3 12.0 0.437 57.358
 2000 QB243 15.211 54.273 8.2 20040714 21.5 284.1 330.1 6.8 0.562 34.742
 2000 QK226 37.233 96.756 8.9 20000824 360.0 180.5 158.2 24.9 0.444 66.994
 2000 PS30 34.981 93.940 8.8 20000804 0.0 243.5 72.9 2.8 0.457 64.460
 2000 PH30 38.227 115 7.6 20040714 340.4 242.0 127.2 8.1 0.500 76.451
 2000 PF30 37.907 114 7.9 20040714 12.1 337.2 293.7 6.3 0.501 75.939
 2000 PE30 35.686 72.630 6.2 20040714 17.4 146.9 127.4 18.4 0.341 54.158
 2000 OO67 20.765 1008 9.1 20040714 360.0 212.4 142.4 20.1 0.960 514
 2000 OM67 39.176 155 6.4 20040714 5.9 348.5 327.1 23.4 0.598 97.336
 2000 GM137 6.928 8.849 14.3 20040714 39.5 123.8 89.7 15.8 0.122 7.888
 2000 FZ53 12.394 35.363 11.4 20040714 40.1 291.7 202.4 34.8 0.481 23.878
 2000 CR105 44.288 410 6.1 20040714 4.1 317.3 128.3 22.7 0.805 227
 2000 CQ105 34.794 80.158 5.9 20040714 312.1 102.4 130.6 19.6 0.395 57.476
 2000 CP105 34.478 132 7.7 20000206 359.7 1.9 133.1 19.4 0.585 83.164
 2000 CO104 20.599 27.934 10.0 20040714 23.7 138.8 353.3 3.1 0.151 24.266
 1999 XX143 9.711 26.258 8.5 20040714 146.1 215.9 103.8 6.8 0.460 17.984
 1999 RZ215 30.956 170 7.8 20040714 2.0 336.2 341.6 25.6 0.692 100
 1999 RJ215 34.657 83.100 7.4 20040714 357.9 43.7 315.0 19.7 0.411 58.878
 1999 RD215 37.599 205 7.5 20040714 4.2 138.2 210.3 26.0 0.689 121
 1999 RZ214 37.155 137 7.9 19991009 8.4 117.7 214.8 20.3 0.574 87.187
 1999 RU214 30.378 161 7.3 19991009 345.4 261.6 137.8 4.2 0.682 95.528
 1999 JV127 10.719 22.729 10.4 19990502 179.4 0.1 3.1 25.5 0.359 16.724
 1999 HD12 8.898 33.747 12.8 19990502 23.8 288.8 177.7 10.1 0.583 21.322
 1999 HW11 39.204 66.808 6.5 20040714 29.6 324.9 198.4 17.2 0.260 53.006
 1999 DP8 34.741 197 8.9 19990211 13.9 283.5 136.9 38.4 0.700 116
 1999 DG8 33.012 131 8.1 19990211 33.6 72.7 323.0 40.0 0.598 82.215
 1999 CC158 39.178 69.420 5.7 20040714 31.7 102.5 337.1 18.7 0.278 54.299
 1999 CG119 35.093 64.972 7.6 20040714 319.7 255.4 304.3 16.6 0.299 50.032
 1999 CF119 38.667 142 7.3 20040714 357.3 200.4 303.4 19.7 0.572 90.371
 1999 CZ118 37.719 197 7.9 20040714 352.4 235.8 345.2 27.7 0.679 117
 1999 CY118 34.614 150 8.7 20040714 359.5 15.1 163.1 25.5 0.624 92.145
 1999 CV118 37.583 68.724 7.4 20040714 20.2 149.1 305.6 5.5 0.293 53.153
 1998 XY95 37.222 92.178 6.2 20040714 340.9 89.7 47.4 6.7 0.425 64.700
 1996 RX33 19.009 28.728 9.3 19960914 0.0 200.5 145.4 9.4 0.204 23.868
 1996 AS20 13.565 58.009 9.3 19960118 9.7 265.5 183.7 10.6 0.621 35.787
 1996 AR20 5.666 24.729 14.0 19960118 8.6 107.9 330.1 6.2 0.627 15.197
 1995 SN55 7.938 39.190 6.0 19950920 180.2 49.3 144.6 5.0 0.663 23.564
 1994 TA 11.710 21.795 11.5 20040714 104.6 153.7 137.8 5.4 0.301 16.752
 2002 PN34 13.328 48.235 8.2 20040714 5.6 358.2 299.2 16.7 0.567 30.782
 1998 WA31 31.529 78.538 7.5 20040714 33.2 309.5 20.8 9.5 0.427 55.034
 2003 FX128 17.835 189 6.3 20040714 5.1 320.0 171.9 22.3 0.828 104
 2001 BL41 6.900 12.663 11.7 20040714 75.9 132.9 281.2 12.5 0.295 9.781
 2000 FE8 33.090 78.783 6.7 20040714 19.0 143.7 3.9 5.9 0.408 55.937
 2000 EE173 22.592 77.399 8.6 20040714 357.3 235.4 294.0 5.9 0.548 49.99
 2000 EC98 5.866 15.652 9.5 20040714 249.8 162.5 173.3 4.3 0.455 10.759
 2000 CM114 35.563 84.705 6.8 20040714 331.8 250.8 312.3 19.7 0.409 60.134
 2002 GB10 15.189 35.296 7.8 20040714 4.1 239.1 315.5 13.3 0.398 25.242
 2000 QC243-Bienor 13.135 19.795 7.6 20040714 233.3 153.2 337.9 20.8 0.202 16.465
 2000 PJ30 28.533 216 8.0 20040714 8.4 303.4 293.3 5.7 0.767 122
 1998 TF35-Cyllarus 16.282 36.061 9.3 20040714 39.8 301.3 52.0 12.6 0.378 26.171
 1998 SG35-Okyrhoe 5.803 10.996 11.3 20040714 307.7 337.9 173.2 15.6 0.309 8.400
 1998 QM107-Pelion 17.250 22.627 10.4 20040714 47.8 152.6 127.1 9.4 0.135 19.939
 1995 TL8 40.093 64.562 5.4 20040714 31.6 83.6 261.2 0.2 0.234 52.327
 1999 OX3 17.555 46.577 6.8 20040714 321.0 144.6 259.3 2.6 0.453 32.066
 2002 CR46 17.528 59.170 7.2 20040714 357.3 158.8 352.0 2.4 0.543 38.349
 2001 UR163 36.861 65.840 4.2 20040714 66.4 342.1 302.3 0.8 0.282 51.351
 1999 HB12 32.614 79.604 7.2 20040714 347.8 66.0 166.4 13.1 0.419 56.109
 1998 BU48 20.617 46.336 7.2 20040714 49.6 283.2 132.7 14.2 0.384 33.476
 2001 PT13-Thereus 8.519 12.711 9.0 20040714 56.4 86.3 205.3 20.4 0.197 10.615
 1999 UG5-Elatus 7.262 16.376 10.1 20040714 53.0 281.8 87.3 5.3 0.386 11.819
 1999 TD10 12.290 179 8.8 20040714 1.8 172.6 184.7 6.0 0.872 95.703
 1999 DE9 32.310 79.932 4.7 20040714 15.5 160.1 322.9 7.6 0.424 56.121
 1996 GQ21 38.238 151 5.2 20040714 5.8 356.5 194.1 13.3 0.596 94.699
 1996 TL66 35.033 132 5.4 20040714 1.4 184.8 217.8 24.0 0.580 83.325
 1995 DW2-Hylonome 18.864 31.436 8.0 20040714 26.1 6.3 178.1 4.1 0.250 25.150
 1997 CU26-Chariklo 13.075 18.657 6.4 20040714 3.1 241.9 300.4 23.4 0.176 15.866
 1995 GO-Asbolus 6.835 29.028 9.0 20040714 9.3 290.2 6.0 17.6 0.619 17.932
 1993 HA2-Nessus 11.779 37.273 9.6 20040714 36.9 170.3 31.2 15.6 0.520 24.526
 1992 AD-Pholus 8.710 32.136 7.0 20040714 49.9 355.2 119.3 24.7 0.574 20.423
 1977 UB-Chiron 8.440 18.868 6.5 20040714 60.0 339.4 209.3 6.9 0.382 13.654