 2003 WU188 43.191 43.191 5.8 20031207 0.1 7.4 84.2 3.8 0.0 43.191
 2003 WS188 30.000 48.656 9.0 20031117 360.0 103.0 340.7 5.8 0.237 39.328
 2003 WQ188 46.231 46.231 6.3 20031117 0.0 59.7 35.6 5.4 0.0 46.231
 2003 WU172 30.813 48.047 6.8 20031117 360.0 57.0 10.1 4.1 0.219 39.430
 2003 VS2 36.433 42.407 4.2 20040714 358.9 114.1 302.8 14.8 0.076 39.420
 2003 UZ292 37.237 49.064 7.7 20031028 0.0 347.2 61.6 22.2 0.137 43.150
 2003 UX292 38.592 49.534 6.6 20031028 0.0 347.2 46.2 10.5 0.124 44.063
 2003 UV292 33.779 45.024 7.1 20031028 0.0 182.5 235.6 10.7 0.143 39.401
 2003 UU292 34.257 44.657 8.2 20031028 0.0 192.6 219.0 16.6 0.132 39.457
 2003 UT292 30.668 48.645 6.6 20031028 0.0 199.2 210.3 17.0 0.227 39.656
 2003 US292 31.759 47.311 8.3 20031028 0.0 346.4 28.7 7.9 0.197 39.535
 2003 UR292 26.303 52.287 6.9 20031028 0.0 224.9 145.7 2.7 0.331 39.295
 2003 UQ292 34.621 44.407 7.0 20031028 0.0 296.5 96.7 3.1 0.124 39.514
 2003 UP292 28.722 49.829 6.8 20031028 0.0 6.3 27.6 13.9 0.269 39.276
 2003 UO292 31.983 46.792 7.4 20031028 0.0 345.1 63.3 5.0 0.188 39.387
 2003 UN292 41.203 46.533 7.2 20031028 0.0 29.2 25.2 0.9 0.061 43.868
 2003 UM292 37.426 54.724 7.0 20031028 0.0 188.9 223.5 18.4 0.188 46.075
 2003 UL292 41.537 48.267 7.3 20031028 0.0 288.5 120.7 3.9 0.075 44.902
 2003 UK292 38.483 47.939 7.2 20031028 180.0 165.6 62.9 13.0 0.109 43.211
 2003 UJ292 40.976 46.583 6.1 20031028 0.0 182.8 194.9 12.3 0.064 43.779
 2003 UH292 40.951 46.911 7.7 20031028 0.0 199.9 173.8 7.4 0.068 43.931
 2003 UG292 39.080 49.145 7.1 20031028 0.0 328.1 88.6 7.0 0.114 44.113
 2003 UF292 39.103 50.462 7.3 20031028 0.0 354.1 58.6 30.9 0.127 44.783
 2003 UE292 37.608 49.331 6.7 20031028 0.0 169.8 242.4 18.5 0.135 43.469
 2003 UD292 40.930 51.066 6.6 20031028 0.0 207.5 202.7 7.7 0.110 45.998
 2003 UC292 41.195 49.051 6.9 20031028 0.0 351.9 42.7 3.9 0.087 45.123
 2003 UB292 39.140 49.997 5.7 20031028 180.0 186.6 28.5 20.2 0.122 44.569
 2003 UA292 39.780 53.755 6.1 20031028 179.8 5.6 232.2 11.2 0.149 46.767
 2003 UZ291 39.449 48.882 6.4 20031117 217.0 341.2 226.0 5.4 0.107 44.165
 2003 UY291 41.300 51.142 7.0 20031117 45.4 2.8 359.1 3.6 0.106 46.221
 2003 UX291 46.500 46.500 7.0 20031028 0.0 202.0 212.5 10.6 0.0 46.500
 2003 UW291 44.614 44.614 6.3 20031028 0.0 347.4 46.2 11.7 0.0 44.614
 2003 UV291 44.259 44.259 7.1 20031028 0.0 168.6 226.3 2.1 0.0 44.259
 2003 UU291 44.161 44.161 7.1 20031028 0.0 201.1 181.1 3.4 0.0 44.161
 2003 UT291 44.837 44.837 6.4 20031028 0.0 356.2 51.2 1.6 0.0 44.837
 2003 US291 44.922 44.922 7.1 20031028 0.0 181.1 223.5 23.5 0.0 44.922
 2003 UN284 40.088 46.820 7.3 20031117 292.1 94.6 35.9 3.0 0.077 43.454
 2003 UZ117 39.731 49.328 5.5 20031028 0.0 200.2 204.5 27.2 0.108 44.530
 2003 QB112 39.734 47.215 6.9 20030918 0.1 344.7 13.6 11.4 0.086 43.474
 2003 QA112 46.398 46.398 5.8 20031008 0.1 339.3 2.7 14.6 0.0 46.398
 2003 QZ111 40.270 47.461 6.7 20030918 0.1 15.9 325.9 2.6 0.082 43.865
 2003 QY111 41.935 47.213 6.7 20030918 0.1 259.7 96.1 3.0 0.059 44.574
 2003 QX111 38.922 44.697 6.3 20030918 0.1 199.4 156.5 9.1 0.069 41.810
 2003 QW111 44.783 44.783 6.3 20030918 0.1 266.0 70.9 2.7 0.0 44.783
 2003 QA92 31.799 46.496 6.3 20030829 68.7 123.9 110.3 3.5 0.188 39.148
 2003 QX91 33.523 45.239 7.6 20030918 0.1 351.8 351.4 29.5 0.149 39.381
 2003 QW91 28.709 50.212 9.1 20030809 359.9 346.2 359.2 5.2 0.272 39.460
 2003 QV91 25.676 53.303 7.5 20030918 298.1 99.2 347.1 32.9 0.350 39.489
 2003 QU91 37.557 49.710 7.0 20030918 0.1 3.7 351.1 25.6 0.139 43.634
 2003 QT91 40.967 45.573 6.6 20030918 0.1 201.8 145.6 0.2 0.053 43.270
 2003 QS91 40.206 50.428 7.4 20030918 0.1 135.1 195.7 3.8 0.113 45.317
 2003 QR91 38.651 53.598 5.8 20031008 1.6 37.2 273.3 3.5 0.162 46.125
 2003 QQ91 38.671 50.298 6.5 20030918 0.1 297.8 60.8 5.3 0.131 44.484
 2003 QP91 37.508 49.478 6.4 20030918 0.1 319.0 30.8 6.0 0.138 43.493
 2003 QO91 39.517 49.060 6.6 20030918 0.1 197.5 141.3 7.2 0.108 44.289
 2003 QN91 37.959 47.596 7.1 20030918 0.1 317.3 19.1 4.3 0.113 42.777
 2003 QM91 41.156 49.339 5.3 20030918 0.1 343.4 8.6 2.9 0.090 45.247
 2003 QL91 36.897 51.644 6.7 20030918 291.7 253.9 164.6 1.5 0.167 44.270
 2003 QK91 42.195 46.487 6.5 20030829 0.0 33.7 278.3 4.2 0.048 44.341
 2003 QJ91 42.051 44.962 6.3 20030829 179.9 52.2 84.5 2.5 0.033 43.506
 2003 QG91 41.899 45.863 7.0 20030918 0.1 275.8 34.4 2.2 0.045 43.881
 2003 QF91 41.828 44.239 7.2 20030918 0.1 283.6 59.7 2.2 0.028 43.033
 2003 QE91 41.015 47.610 7.2 20030918 0.1 319.9 15.3 3.4 0.074 44.313
 2003 QD91 41.768 48.116 7.0 20030829 0.0 254.9 80.1 2.2 0.071 44.942
 2003 QC91 43.453 43.453 7.0 20030918 0.1 359.3 336.8 2.6 0.0 43.453
 2003 QB91 43.939 43.939 6.1 20030918 0.1 226.4 133.6 6.1 0.0 43.939
 2003 QZ90 43.577 43.577 6.7 20030809 0.0 161.1 151.0 6.4 0.0 43.577
 2003 QX90 37.005 52.987 6.6 20030918 282.3 351.8 61.3 3.2 0.178 44.996
 2003 QW90 41.832 44.713 4.5 20040714 146.0 194.0 17.8 10.4 0.033 43.273
 2003 QV90 43.657 47.204 6.9 20030918 0.1 214.4 137.7 2.4 0.039 45.430
 2003 QU90 43.029 43.740 7.2 20030918 0.1 102.5 229.1 1.8 0.008 43.384
 2003 QT90 45.806 45.806 6.3 20030918 0.1 204.9 140.9 2.4 0.0 45.806
 2003 LD9 40.709 50.021 6.6 20030610 0.0 11.2 237.6 7.1 0.103 45.365
 2003 LG7 34.597 44.805 7.5 20030610 0.0 358.5 237.9 25.1 0.129 39.701
 2003 LF7 34.464 44.467 7.9 20030610 0.0 218.5 21.5 3.2 0.127 39.466
 2003 LE7 31.227 47.445 7.6 20030521 360.0 1.0 231.3 19.4 0.206 39.336
 2003 LD7 41.146 44.655 6.9 20030610 0.0 125.8 122.8 2.3 0.041 42.900
 2003 LC7 39.867 50.413 6.2 20030610 178.4 349.8 79.9 4.8 0.117 45.140
 2003 LB7 40.436 45.284 6.3 20030610 0.0 182.4 49.7 2.4 0.057 42.860
 2003 LA7 46.563 46.563 6.2 20030610 0.1 202.6 36.1 6.1 0.0 46.563
 2003 LZ6 43.477 43.477 6.5 20030521 0.0 176.6 55.0 6.8 0.0 43.477
 2003 KP20 39.488 50.207 7.2 20030610 0.0 35.2 217.7 1.9 0.120 44.847
 2003 KO20 45.844 45.844 6.1 20030521 0.0 349.1 225.0 2.4 0.0 45.844
 2003 GF55 46.375 46.375 6.2 20030501 0.0 44.4 162.9 5.9 0.0 46.375
 2003 GM53 42.183 46.725 6.9 20030411 0.0 199.3 2.9 6.5 0.051 44.454
 2003 FY128 37.395 61.902 4.8 20040714 13.2 181.3 341.7 11.7 0.247 49.649
 2003 FF128 31.861 45.679 6.7 20030501 331.0 162.5 91.2 1.9 0.178 38.770
 2003 FE128 36.122 56.715 5.4 20030501 0.1 40.6 169.8 3.4 0.222 46.419
 2003 FD128 32.414 46.386 7.0 20030501 65.2 292.1 149.0 5.3 0.177 39.400
 2003 FC128 32.731 37.611 6.8 20030501 0.1 84.3 78.1 2.4 0.069 35.171
 2003 FB128 31.224 48.849 6.4 20030411 19.2 329.5 209.5 8.6 0.220 40.037
 2003 FM127 43.304 43.304 6.7 20030501 0.1 159.9 52.3 4.3 0.0 43.304
 2003 FL127 31.007 47.813 6.0 20030501 209.4 10.2 314.6 3.5 0.213 39.410
 2003 FK127 40.533 49.899 6.8 20030322 360.0 52.6 114.9 2.8 0.104 45.216
 2003 FJ127 41.261 42.107 6.6 20030501 0.1 4.7 162.3 23.0 0.010 41.684
 2003 FH127 41.130 48.504 6.8 20030322 360.0 45.0 121.0 0.3 0.082 44.817
 2003 BH91 42.555 45.382 11.9 20030121 360.0 131.8 80.5 2.0 0.032 43.969
 2003 BG91 39.108 47.764 10.7 20030302 320.8 83.3 176.2 2.5 0.100 43.436
 2003 BF91 42.137 43.361 11.7 20030121 360.0 102.3 110.1 1.5 0.014 42.749
 2003 AZ84 32.659 46.654 4.0 20040714 213.6 13.2 252.0 13.6 0.176 39.656
 2002 XV93 34.535 44.188 5.1 20040714 264.2 164.1 19.2 13.3 0.123 39.361
 2002 XJ91 28.895 50.322 8.3 20021122 29.3 336.2 35.8 8.4 0.270 39.609
 2002 XH91 40.082 47.742 5.6 20030101 179.4 200.4 80.6 5.0 0.087 43.912
 2002 XG91 30.647 48.361 7.6 20021122 69.5 265.6 93.8 15.0 0.224 39.504
 2002 XF91 39.580 49.650 6.9 20030101 0.1 336.9 114.8 4.4 0.113 44.615
 2002 XE91 39.446 51.734 6.0 20030101 180.6 353.7 276.9 6.3 0.135 45.590
 2002 XD91 30.962 47.981 7.6 20021122 48.4 97.8 274.9 7.0 0.216 39.471
 2002 WC19 35.285 60.674 4.7 20040714 303.6 44.2 109.8 9.2 0.265 47.979
 2002 VF131 44.490 44.490 6.5 20021102 0.0 272.0 160.2 1.8 0.0 44.490
 2002 VE131 37.400 54.097 6.5 20021102 180.0 10.0 239.8 18.7 0.182 45.749
 2002 VD131 42.851 46.961 6.6 20040714 38.9 256.2 84.4 0.9 0.046 44.906
 2002 VC131 46.323 46.323 6.4 20021102 0.0 304.1 75.1 2.4 0.0 46.323
 2002 VB131 44.455 44.455 6.2 20021102 0.0 292.2 87.9 1.5 0.0 44.455
 2002 VA131 31.931 52.575 6.5 20040714 298.3 255.3 224.5 7.1 0.244 42.253
 2002 VZ130 41.604 50.008 7.3 20021102 360.0 29.7 353.4 8.4 0.092 45.806
 2002 VY130 31.070 47.930 8.4 20021102 360.0 180.9 233.0 27.9 0.213 39.500
 2002 VX130 30.618 48.371 8.2 20040714 353.2 109.7 297.1 1.3 0.225 39.495
 2002 VW130 42.111 49.820 6.9 20021102 360.0 17.5 4.4 1.8 0.084 45.966
 2002 VV130 34.611 50.389 7.5 20040714 322.8 264.7 171.5 2.4 0.186 42.500
 2002 VU130 30.805 47.766 5.6 20040714 257.5 279.2 268.0 1.4 0.216 39.286
 2002 VT130 40.994 43.913 5.6 20040714 98.2 345.1 334.8 1.2 0.034 42.454
 2002 VS130 39.563 50.566 6.3 20040714 43.3 88.5 275.6 3.0 0.122 45.065
 2002 VF130 42.693 42.693 7.1 20021122 0.1 168.0 257.0 20.4 0.0 42.693
 2002 VE130 41.558 47.579 6.3 20040714 201.7 228.4 357.1 3.2 0.068 44.569
 2002 VD130 32.289 63.407 7.1 20040714 346.6 54.6 37.9 3.9 0.325 47.848
 2002 VR128 29.040 49.525 5.7 20040714 56.7 288.0 23.1 14.0 0.261 39.282
 2002 VD95 39.550 47.096 8.6 20021102 360.0 354.7 63.3 20.5 0.087 43.323
 2002 VC95 46.858 46.858 8.0 20021102 0.0 241.3 176.8 2.5 0.0 46.858
 2002 VB95 35.234 43.521 8.9 20021102 360.0 350.7 67.1 12.2 0.105 39.377
 2002 VA95 40.605 48.984 8.3 20021102 360.0 245.7 172.4 2.0 0.094 44.795
 2002 VZ94 41.957 49.528 7.0 20021102 179.7 143.9 92.6 3.1 0.083 45.743
 2002 TM301 27.445 51.331 9.7 20020923 65.8 248.8 40.3 6.5 0.303 39.388
 2002 TL301 41.332 45.262 11.1 20020923 360.0 271.8 118.5 1.6 0.045 43.297
 2002 TJ301 42.215 45.127 10.9 20020923 360.0 280.3 110.0 1.6 0.033 43.671
 2002 TH301 32.234 46.291 10.7 20020923 76.7 212.3 80.6 1.8 0.179 39.263
 2002 TG301 45.562 45.562 9.7 20020923 359.9 316.9 73.4 2.1 0.0 45.562
 2002 TF301 44.719 44.719 10.9 20020923 359.9 332.3 57.9 3.3 0.0 44.719
 2002 TE301 45.237 45.237 10.9 20020923 359.9 189.3 201.0 8.4 0.0 45.237
 2002 TD301 43.372 43.372 10.6 20020923 359.9 285.8 104.3 1.4 0.0 43.372
 2002 TC301 45.778 45.778 9.5 20020923 359.9 264.5 125.7 1.1 0.0 45.778
 2002 TB301 43.208 43.208 9.1 20020923 359.9 302.0 88.4 1.7 0.0 43.208
 2002 TA301 44.174 44.174 10.2 20020923 359.9 324.4 65.9 2.5 0.0 44.174
 2002 TZ300 43.685 43.685 8.7 20020923 359.9 334.7 55.5 3.6 0.0 43.685
 2002 PE155 43.050 43.050 6.2 20020725 359.9 168.4 143.2 11.4 0.0 43.050
 2002 PD155 42.418 43.707 6.5 20040714 276.9 103.6 322.1 5.8 0.015 43.063
 2002 PP153 45.161 45.161 7.3 20020814 0.0 342.3 327.4 0.9 0.0 45.161
 2002 PO153 44.098 44.098 8.4 20020814 0.0 181.3 128.1 5.8 0.0 44.098
 2002 PN153 44.888 44.888 7.7 20020814 0.0 184.2 124.7 1.6 0.0 44.888
 2002 PM153 38.603 49.284 9.0 20020814 0.0 179.1 130.0 18.3 0.122 43.943
 2002 PL153 43.580 43.580 8.7 20020814 0.0 317.6 351.9 0.5 0.0 43.580
 2002 PK153 41.524 46.186 7.7 20020814 0.0 184.4 124.9 4.2 0.053 43.855
 2002 PJ153 46.413 46.413 8.9 20020814 0.0 169.9 139.1 2.1 0.0 46.413
 2002 PG153 41.284 48.775 9.1 20020814 0.0 28.8 280.9 1.0 0.083 45.029
 2002 PF153 41.365 50.014 9.0 20020814 0.0 14.1 296.0 1.5 0.095 45.690
 2002 PE153 41.234 46.843 6.5 20020814 0.0 7.5 302.4 0.9 0.064 44.039
 2002 PD153 46.582 46.582 8.7 20020814 0.0 169.8 140.1 0.4 0.0 46.582
 2002 PC153 42.615 47.551 7.9 20020814 0.0 11.6 298.5 2.2 0.055 45.083
 2002 PB153 43.883 43.883 9.1 20020814 0.0 172.6 137.3 3.6 0.0 43.883
 2002 PA153 42.591 48.496 8.8 20020814 0.0 170.5 139.4 2.3 0.065 45.544
 2002 PZ152 38.421 49.139 9.1 20020814 0.0 179.9 129.8 33.3 0.122 43.780
 2002 PY152 43.337 43.892 9.4 20020814 0.0 178.6 131.1 5.2 0.006 43.614
 2002 PX152 42.766 46.181 8.7 20020814 0.0 167.7 141.4 1.0 0.038 44.473
 2002 PW152 45.403 45.403 9.0 20020814 0.0 178.3 131.1 7.4 0.0 45.403
 2002 PV152 41.492 46.880 9.5 20020814 0.0 167.4 141.9 0.8 0.061 44.186
 2002 PU152 42.581 46.488 8.6 20020814 0.0 150.4 158.8 1.2 0.044 44.534
 2002 PT152 45.659 45.659 8.3 20020814 0.0 173.3 135.9 5.6 0.0 45.659
 2002 PS152 38.220 48.583 8.9 20020814 179.5 314.4 175.1 0.9 0.119 43.401
 2002 PR152 43.163 43.163 8.7 20020814 0.0 10.4 298.6 2.4 0.0 43.163
 2002 PG150 37.686 49.322 7.7 20020814 0.0 270.6 75.9 5.5 0.134 43.504
 2002 PQ149 37.471 37.471 6.1 20020725 0.0 179.4 159.2 30.9 0.0 37.471
 2002 PP149 37.244 44.288 7.1 20040714 49.4 124.1 159.7 34.8 0.086 40.766
 2002 PO149 36.634 54.866 6.2 20040714 280.2 12.0 70.5 0.7 0.199 45.750
 2002 PN149 42.254 42.254 7.0 20020814 0.1 158.1 171.5 0.8 0.0 42.254
 2002 PM149 41.628 46.659 5.6 20020725 359.9 129.3 199.9 1.9 0.057 44.144
 2002 PK149 37.113 37.113 7.0 20020725 0.0 23.4 306.9 4.8 0.0 37.113
 2002 PJ149 41.905 48.818 5.3 20020725 180.6 193.4 316.4 9.7 0.076 45.361
 2002 PH149 40.479 45.337 6.6 20020725 359.9 212.6 108.5 8.9 0.057 42.908
 2002 PF149 42.892 42.892 6.6 20020725 0.0 218.2 101.1 4.4 0.0 42.892
 2002 PE149 43.046 43.046 6.6 20020725 0.0 282.8 27.1 6.1 0.0 43.046
 2002 PD149 39.951 45.586 6.1 20040714 208.4 40.3 103.6 4.9 0.066 42.768
 2002 PA149 41.593 49.900 6.0 20020923 0.1 241.8 104.7 4.0 0.091 45.746
 2002 PN147 44.443 44.443 6.3 20020725 0.0 292.2 16.2 1.5 0.0 44.443
 2002 PQ145 41.258 46.027 5.3 20040714 205.7 302.3 165.7 3.1 0.055 43.642
 2002 MS4 35.866 47.528 3.9 20040714 180.5 230.9 216.1 17.7 0.140 41.697
 2002 KX14 37.290 40.463 4.5 20040714 242.9 73.1 286.4 0.4 0.041 38.877
 2002 KW14 37.229 56.544 5.2 20040714 35.3 123.0 59.8 9.8 0.206 46.886
 2002 GJ166 31.150 47.391 7.9 20020416 0.0 39.9 150.8 4.9 0.207 39.271
 2002 GH166 32.641 46.098 6.4 20020416 0.0 181.0 10.8 8.6 0.171 39.369
 2002 GG166 28.959 49.857 7.8 20020416 0.0 143.4 46.0 5.2 0.265 39.408
 2002 GB33 45.545 45.545 7.8 20020327 0.0 7.0 147.7 3.7 0.0 45.545
 2002 GA33 43.019 43.019 8.6 20020327 0.0 170.5 344.2 1.0 0.0 43.019
 2002 GY32 35.899 43.404 6.8 20040714 14.4 335.1 225.5 1.8 0.095 39.651
 2002 GW32 32.623 37.609 6.9 20040714 188.2 123.4 276.6 6.4 0.071 35.116
 2002 GV32 32.422 46.307 6.5 20020506 0.1 146.9 79.3 5.4 0.176 39.365
 2002 GU32 36.267 42.808 6.9 20020506 0.1 166.3 56.9 21.9 0.083 39.538
 2002 GT32 32.136 46.620 8.1 20020327 360.0 111.5 108.1 2.3 0.184 39.378
 2002 GS32 37.610 47.137 7.4 20040714 8.8 318.8 260.4 4.3 0.112 42.373
 2002 GR32 28.982 49.684 7.8 20020327 0.2 0.9 207.0 3.4 0.263 39.333
 2002 GQ32 32.388 46.490 7.7 20020327 360.0 177.0 26.8 5.8 0.179 39.439
 2002 GO32 35.943 42.631 7.6 20020327 360.0 5.3 217.0 12.6 0.085 39.287
 2002 GN32 32.042 46.681 6.3 20020506 0.1 183.3 30.8 10.1 0.186 39.362
 2002 GM32 25.883 52.952 9.0 20020327 360.0 348.2 214.5 28.6 0.343 39.417
 2002 GL32 34.840 37.842 7.6 20020327 360.0 188.4 11.6 7.5 0.041 36.341
 2002 GK32 43.078 44.518 6.4 20020327 360.0 110.0 111.4 2.6 0.016 43.798
 2002 GJ32 39.724 49.066 5.5 20040714 66.6 256.9 244.8 11.6 0.105 44.395
 2002 GH32 36.227 49.674 5.5 20040714 80.6 258.0 220.6 26.7 0.157 42.950
 2002 GF32 32.344 46.775 5.6 20040714 104.9 56.3 44.3 2.8 0.182 39.560
 2002 GE32 39.553 47.390 6.9 20020327 360.0 356.5 204.0 14.5 0.090 43.472
 2002 GD32 38.651 50.795 5.7 20040714 153.8 29.6 22.2 6.6 0.136 44.723
 2002 GC32 41.321 45.625 7.3 20020327 360.0 137.4 67.2 2.7 0.050 43.473
 2002 GY31 42.631 44.354 6.5 20020327 360.0 195.2 23.2 0.5 0.020 43.492
 2002 GX31 40.230 46.372 7.0 20020327 360.0 149.3 66.9 2.2 0.071 43.301
 2002 GW31 30.069 49.044 7.0 20040714 82.8 199.3 227.1 2.6 0.240 39.556
 2002 GV31 40.575 45.924 5.3 20020327 360.0 97.0 57.1 2.2 0.062 43.249
 2002 FX36 41.937 47.075 6.3 20040714 117.3 96.3 301.1 1.1 0.058 44.506
 2002 FW36 41.762 44.725 6.6 20040714 315.9 146.5 57.3 2.4 0.034 43.243
 2002 FP7 31.859 47.065 8.5 20020327 0.0 183.3 1.2 8.6 0.193 39.462
 2002 FX6 42.042 48.185 6.9 20020327 181.1 359.7 3.8 24.0 0.068 45.113
 2002 FW6 26.853 52.823 8.2 20020416 73.7 279.3 153.5 3.5 0.326 39.838
 2002 FV6 40.947 53.052 6.8 20040714 187.9 31.5 312.6 3.1 0.129 47.000
 2002 FU6 43.184 47.074 7.3 20040714 308.7 164.7 55.5 2.2 0.043 45.129
 2002 CE251 29.357 49.213 8.5 20040714 348.4 205.9 342.5 9.3 0.253 39.285
 2002 CD251 42.368 46.254 7.2 20020307 0.1 98.1 49.3 1.4 0.044 44.311
 2002 CC251 33.588 45.453 8.0 20020215 0.0 156.5 358.5 5.5 0.150 39.521
 2002 CC249 37.997 56.935 6.4 20040714 342.4 307.1 248.5 0.8 0.199 47.466
 2002 CY248 40.284 52.065 4.9 20020215 180.0 3.4 300.7 7.1 0.128 46.174
 2002 CB225 40.405 48.402 6.8 20040714 313.2 115.2 100.5 3.8 0.090 44.403
 2002 CA225 40.249 51.179 7.2 20020215 0.0 170.8 336.2 4.8 0.120 45.714
 2002 CZ224 40.294 47.828 6.5 20020215 181.0 245.7 67.9 1.7 0.085 44.061
 2002 CX224 39.955 52.435 6.0 20040714 256.3 134.3 42.3 16.9 0.135 46.195
 2002 CW224 29.717 49.048 6.9 20040714 290.2 155.1 1.9 5.7 0.245 39.383
 2002 CZ154 40.993 44.407 7.0 20020215 0.0 13.6 153.0 10.2 0.040 42.700
 2002 CY154 41.494 47.622 6.5 20040714 180.7 226.2 120.8 1.0 0.069 44.558
 2002 CW154 42.921 49.551 6.4 20020126 179.1 355.8 346.4 26.9 0.072 46.236
 2002 CV154 42.363 48.968 6.1 20020215 178.6 190.9 149.2 15.3 0.072 45.665
 2002 CU154 40.859 47.346 6.6 20040714 337.8 56.3 108.9 3.3 0.074 44.103
 2002 CT154 41.560 52.785 7.2 20040714 17.3 346.8 159.5 3.5 0.119 47.172
 2002 CS154 38.950 49.202 7.1 20040714 65.8 357.7 87.2 1.2 0.116 44.076
 2002 CR154 42.627 42.627 7.0 20020215 0.1 49.7 106.9 4.6 0.0 42.627
 2002 CQ154 43.161 43.161 6.4 20020215 0.1 16.0 139.4 3.3 0.0 43.161
 2002 CP154 43.413 43.413 6.0 20020215 0.1 65.4 70.2 1.5 0.0 43.413
 2001 YJ140 27.830 51.479 7.3 20040714 353.5 131.0 319.6 6.0 0.298 39.655
 2001 YH140 36.406 48.769 5.5 20040714 1.6 0.7 108.9 11.1 0.145 42.587
 2001 XJ255 41.093 47.768 8.3 20011217 0.0 184.4 279.9 9.6 0.075 44.430
 2001 XG255 40.967 46.863 8.3 20011217 0.0 195.5 269.9 2.4 0.067 43.915
 2001 XF255 43.986 43.986 7.7 20011217 0.1 355.2 110.1 1.4 0.0 43.986
 2001 XE255 43.497 43.497 7.9 20011217 0.1 358.5 106.8 10.3 0.0 43.497
 2001 XD255 26.053 52.955 5.5 20020106 77.5 242.9 106.6 19.7 0.340 39.504
 2001 XC255 41.668 45.942 7.4 20020106 0.1 353.0 112.5 2.3 0.049 43.805
 2001 XB255 43.168 46.266 6.8 20011217 0.0 36.9 68.6 2.2 0.035 44.717
 2001 XX254 43.084 44.862 7.5 20040714 297.2 89.2 85.7 1.7 0.020 43.973
 2001 XW254 42.331 42.331 7.7 20011217 0.1 8.7 92.3 5.9 0.0 42.331
 2001 XV254 45.658 45.658 7.0 20020106 0.1 350.6 114.0 5.9 0.0 45.658
 2001 XU254 39.613 47.932 6.3 20040714 293.3 71.8 114.7 6.5 0.095 43.773
 2001 XS254 35.236 39.621 7.5 20040714 16.5 357.2 94.7 4.3 0.059 37.429
 2001 XR254 42.041 44.291 5.6 20040714 200.1 85.2 179.6 1.2 0.026 43.166
 2001 XP254 33.031 51.906 7.7 20040714 346.3 181.2 305.0 2.6 0.222 42.469
 2001 VN71 29.639 49.525 9.0 20040714 353.3 4.9 70.4 18.7 0.251 39.582
 2001 UQ18 41.630 46.791 5.2 20040714 110.7 297.4 2.0 5.2 0.058 44.211
 2001 UP18 43.636 51.582 5.7 20040714 131.0 138.4 105.3 1.2 0.083 47.609
 2001 UO18 28.235 50.763 5.0 20040714 325.3 48.0 36.4 3.7 0.285 39.499
 2001 UN18 40.640 47.536 6.4 20040714 130.4 222.1 23.0 3.6 0.078 44.088
 2001 UC17 33.842 45.358 7.6 20011018 0.0 240.0 143.8 3.0 0.145 39.600
 2001 UB17 36.959 42.313 8.0 20011018 0.0 344.3 40.1 5.0 0.068 39.636
 2001 UA17 39.888 45.942 6.6 20011018 0.0 351.0 33.7 6.0 0.071 42.915
 2001 SE291 39.375 51.032 7.2 20040714 343.0 286.9 106.7 1.6 0.129 45.204
 2001 SD291 41.620 49.983 8.2 20011018 0.3 205.8 162.0 3.2 0.091 45.801
 2001 RL155 38.737 49.653 7.8 20010928 0.1 90.8 279.8 0.9 0.123 44.195
 2001 RZ143 41.251 46.594 5.8 20040714 342.7 33.5 8.4 2.1 0.061 43.922
 2001 RY143 44.150 45.602 7.1 20010928 180.0 196.1 359.6 6.5 0.016 44.876
 2001 RX143 27.569 50.860 6.0 20040714 83.6 239.4 20.6 19.3 0.297 39.214
 2001 RW143 41.500 44.153 6.4 20040714 341.1 266.1 131.5 3.0 0.031 42.826
 2001 RV143 43.085 43.085 6.8 20010928 0.1 266.3 105.2 1.3 0.0 43.085
 2001 RU143 33.312 45.318 5.7 20040714 136.9 18.4 209.2 6.5 0.153 39.315
 2001 QG331 38.813 50.695 6.5 20010819 360.0 9.7 317.8 7.4 0.133 44.754
 2001 QF331 34.989 43.971 7.0 20010908 0.1 190.9 157.0 2.7 0.114 39.480
 2001 QW322 42.336 45.451 7.7 20040714 105.4 75.9 124.7 4.8 0.035 43.894
 2001 QT322 36.222 37.616 6.6 20040714 88.4 40.8 224.2 1.8 0.019 36.919
 2001 QS322 42.290 45.377 5.4 20040714 12.8 350.0 348.4 0.2 0.035 43.833
 2001 QQ322 41.611 46.002 6.0 20040714 282.0 355.0 76.5 4.0 0.050 43.806
 2001 QH298 35.047 43.363 7.7 20040714 49.9 167.8 129.5 6.7 0.106 39.205
 2001 QG298 31.671 46.717 6.3 20040714 348.9 211.8 162.6 6.5 0.192 39.194
 2001 QF298 34.763 43.668 4.7 20040714 138.5 40.3 164.2 22.4 0.114 39.215
 2001 QE298 36.945 50.043 6.8 20040714 340.3 10.6 7.7 3.7 0.151 43.494
 2001 QD298 40.125 44.786 5.6 20040714 53.9 194.0 70.6 5.0 0.055 42.455
 2001 QC298 40.554 51.615 6.0 20040714 3.7 2.2 334.8 30.6 0.120 46.085
 2001 QB298 33.600 57.034 6.1 20040714 48.1 322.1 291.8 1.8 0.259 45.317
 2001 QA298 37.485 54.560 6.6 20040714 340.1 228.0 117.1 23.7 0.186 46.022
 2001 QZ297 41.314 46.918 6.1 20040714 37.7 254.5 15.8 1.9 0.064 44.116
 2001 QY297 40.433 46.804 5.3 20040714 69.5 125.4 108.7 1.5 0.073 43.619
 2001 QX297 42.850 45.057 5.9 20040714 295.9 118.2 279.7 0.9 0.025 43.954
 2001 QV297 43.976 43.976 6.3 20010819 0.0 234.2 91.6 2.4 0.0 43.976
 2001 QU297 43.706 43.706 6.0 20010819 0.0 210.3 115.3 3.4 0.0 43.706
 2001 QT297 42.501 45.182 5.5 20040714 148.5 232.3 304.8 2.6 0.031 43.841
 2001 QS297 43.797 43.797 5.4 20010819 0.0 13.9 309.8 5.2 0.0 43.797
 2001 QR297 43.676 43.676 5.9 20010819 0.0 175.5 148.0 5.2 0.0 43.676
 2001 QQ297 42.267 45.366 6.5 20040714 22.6 251.3 80.6 4.4 0.035 43.816
 2001 QP297 39.609 50.429 6.5 20040714 68.2 162.1 111.8 1.4 0.120 45.019
 2001 QO297 41.026 44.425 5.8 20040714 250.2 322.2 143.3 1.1 0.040 42.725
 2001 PK47 37.637 49.295 6.1 20010819 0.5 116.7 248.1 8.7 0.134 43.466
 2001 OG109 42.874 43.819 8.2 20040714 315.8 22.7 332.5 0.6 0.011 43.346
 2001 OZ108 40.696 45.620 8.4 20040714 109.2 63.5 130.3 2.1 0.057 43.158
 2001 OY108 41.505 50.597 7.4 20010710 179.6 5.1 58.2 6.8 0.099 46.051
 2001 OS108 46.453 46.453 6.8 20010730 0.1 32.2 274.6 1.5 0.0 46.453
 2001 OR108 41.198 50.126 7.9 20010710 360.0 226.8 91.3 2.6 0.098 45.662
 2001 OQ108 45.334 46.115 6.5 20040714 98.4 348.8 131.1 2.3 0.009 45.725
 2001 OO108 41.149 48.604 7.8 20010710 359.9 298.5 20.5 1.3 0.083 44.876
 2001 ON108 43.704 43.704 7.6 20010819 0.1 104.7 201.4 1.2 0.0 43.704
 2001 OM108 44.342 47.766 8.0 20010908 183.3 357.4 126.7 12.2 0.037 46.054
 2001 OL108 40.662 50.453 8.4 20010908 0.1 190.1 115.3 2.7 0.107 45.557
 2001 OK108 41.311 44.255 7.4 20040714 67.8 122.4 114.8 2.0 0.034 42.783
 2001 OJ108 40.811 49.009 7.8 20010710 360.0 185.7 118.5 9.1 0.091 44.910
 2001 KQ77 33.410 45.736 6.8 20040714 309.7 63.8 248.5 15.6 0.156 39.573
 2001 KP77 36.011 51.579 6.9 20040714 3.2 218.5 21.9 3.3 0.178 43.795
 2001 KO77 37.698 48.881 6.3 20010620 13.6 335.7 245.5 20.9 0.129 43.289
 2001 KN77 29.826 48.541 6.8 20040714 300.6 279.9 45.3 2.4 0.239 39.184
 2001 KD77 35.000 44.208 5.6 20040714 21.5 88.5 139.1 2.3 0.116 39.604
 2001 KB77 28.404 51.126 7.5 20040714 331.6 52.4 223.0 17.5 0.286 39.765
 2001 KA77 43.040 51.940 5.0 20040714 259.7 123.2 239.1 11.9 0.094 47.490
 2001 KY76 30.140 48.529 6.1 20040714 289.9 262.8 90.1 4.0 0.234 39.335
 2001 KW76 40.258 47.402 6.9 20010620 0.1 175.8 61.8 10.5 0.081 43.830
 2001 KU76 37.729 52.683 6.7 20040714 341.1 204.0 45.0 10.6 0.165 45.206
 2001 KT76 40.710 50.227 6.7 20040714 47.5 340.2 184.5 1.7 0.105 45.469
 2001 KS76 39.607 47.657 7.5 20010531 0.0 58.7 158.6 2.8 0.092 43.632
 2001 KQ76 41.577 44.107 6.8 20010531 0.0 165.2 48.0 6.1 0.030 42.842
 2001 KP76 35.464 51.763 6.6 20040714 281.0 303.5 42.8 7.2 0.187 43.613
 2001 KO76 39.093 48.498 6.7 20040714 254.3 296.8 44.2 2.1 0.107 43.795
 2001 KN76 39.847 48.002 6.0 20040714 331.8 285.0 326.8 2.6 0.093 43.925
 2001 KM76 41.505 48.236 7.1 20010531 0.0 121.2 127.3 1.4 0.075 44.871
 2001 KL76 40.275 48.838 6.4 20040714 213.2 142.7 255.4 1.3 0.096 44.556
 2001 KK76 41.955 43.112 6.1 20040714 305.8 220.4 87.0 1.9 0.014 42.534
 2001 KJ76 40.326 47.168 6.6 20040714 296.3 270.1 47.6 6.7 0.078 43.747
 2001 KH76 40.699 51.601 6.6 20040714 295.1 68.6 261.6 3.3 0.118 46.150
 2001 KF76 43.673 45.282 7.1 20040714 276.6 281.3 50.9 3.2 0.018 44.478
 2001 KE76 41.895 44.267 6.6 20040714 85.4 40.3 113.3 0.5 0.028 43.081
 2001 HY65 38.052 48.897 6.4 20040714 35.5 316.4 188.2 17.1 0.125 43.474
 2001 HA59 44.817 44.817 6.5 20010421 0.0 66.5 150.4 1.0 0.0 44.817
 2001 HZ58 41.292 44.526 6.3 20040714 101.2 26.6 88.5 2.9 0.038 42.909
 2001 FL194 32.491 46.730 7.7 20040714 10.4 171.6 2.1 13.7 0.180 39.610
 2001 FL193 40.635 48.201 9.1 20010312 359.9 112.1 71.4 1.0 0.085 44.418
 2001 FK193 41.181 47.385 6.9 20040714 58.0 55.6 89.9 3.5 0.070 44.283
 2001 FJ193 36.179 42.516 9.3 20010312 359.9 55.4 128.1 1.1 0.081 39.348
 2001 FH193 40.638 48.728 9.1 20010312 360.0 5.8 177.7 8.6 0.091 44.683
 2001 FG193 41.450 51.553 8.5 20010312 360.0 158.6 24.9 3.3 0.109 46.502
 2001 FF193 44.732 44.732 7.7 20010312 0.0 13.4 170.0 1.9 0.0 44.732
 2001 FE193 42.884 42.884 7.2 20010312 0.0 26.1 157.8 3.1 0.0 42.884
 2001 FD193 44.789 44.789 8.1 20010312 0.0 7.9 176.0 12.5 0.0 44.789
 2001 FC193 46.499 46.499 8.6 20010312 0.0 30.6 153.1 2.8 0.0 46.499
 2001 FV185 34.442 44.317 7.7 20010421 0.1 171.6 13.1 24.2 0.125 39.379
 2001 FU185 34.857 43.865 9.0 20010421 0.1 351.9 192.3 24.6 0.114 39.361
 2001 FT185 42.228 52.667 7.8 20040714 33.1 146.5 16.8 19.5 0.110 47.448
 2001 FS185 41.427 45.074 7.7 20010421 0.1 109.6 97.4 4.6 0.042 43.251
 2001 FR185 31.980 46.854 8.0 20040714 322.6 333.9 287.4 5.6 0.189 39.417
 2001 FQ185 36.751 59.361 6.9 20040714 354.3 68.7 135.1 3.2 0.235 48.056
 2001 FO185 41.047 52.447 6.7 20040714 15.6 338.4 205.8 10.6 0.122 46.747
 2001 FN185 39.442 46.044 7.2 20040714 351.8 9.4 203.3 21.7 0.077 42.743
 2001 FM185 36.496 41.174 6.8 20040714 274.2 108.2 150.7 5.4 0.060 38.835
 2001 FL185 40.818 48.076 7.0 20040714 16.4 69.6 75.6 3.6 0.082 44.447
 2001 FK185 41.610 45.425 7.5 20040714 344.4 164.0 56.9 1.2 0.044 43.518
 2001 FC185 38.563 47.329 8.1 20010312 359.9 4.7 150.1 20.0 0.102 42.946
 2001 FB185 39.418 46.934 10.4 20010312 359.9 26.3 127.9 4.3 0.087 43.176
 2001 FU172 28.739 50.670 8.3 20040714 27.5 134.0 32.4 24.7 0.276 39.705
 2001 ES24 42.005 47.257 7.9 20040714 134.1 273.0 111.6 4.0 0.059 44.631
 2001 DV108 33.954 58.782 8.2 20040714 314.7 252.7 338.5 4.7 0.268 46.368
 2001 DU108 42.835 47.228 8.5 20010220 360.0 170.5 75.7 3.3 0.049 45.032
 2001 DT108 32.063 46.942 9.5 20010220 360.0 337.7 176.0 1.9 0.188 39.502
 2001 DS108 45.869 45.869 8.0 20010220 0.0 347.3 166.4 3.0 0.0 45.869
 2001 DQ108 45.419 45.419 8.6 20010220 0.0 181.7 331.8 2.9 0.0 45.419
 2001 DP108 27.355 51.562 10.0 20010220 311.8 121.3 113.4 1.3 0.307 39.459
 2001 DO108 42.950 42.950 8.4 20010220 0.0 5.0 148.7 2.6 0.0 42.950
 2001 DN108 45.463 45.463 7.8 20010220 0.0 176.3 337.1 8.3 0.0 45.463
 2001 DM108 45.437 45.437 7.3 20010220 0.0 2.3 151.2 2.9 0.0 45.437
 2001 DS106 42.571 42.571 8.3 20010220 0.0 357.2 156.2 6.3 0.0 42.571
 2001 DR106 44.465 44.465 8.3 20010220 0.0 1.5 151.6 1.5 0.0 44.465
 2001 DD106 40.044 48.666 6.7 20040714 29.3 6.8 123.5 1.8 0.097 44.355
 2001 DC106 40.383 46.861 6.3 20010220 0.0 38.7 121.6 1.9 0.074 43.622
 2001 DB106 42.163 44.621 6.4 20040714 156.2 236.0 130.0 3.8 0.028 43.392
 2001 CZ31 39.913 51.254 5.4 20040714 326.3 44.6 136.2 10.2 0.124 45.583
 2000 YY142 40.451 49.348 7.3 20001222 360.0 13.8 122.0 2.4 0.099 44.900
 2000 YQ142 28.335 50.685 7.6 20001222 307.9 90.6 33.6 23.8 0.283 39.510
 2000 YB29 27.174 51.616 7.9 20001222 50.3 356.7 283.7 7.7 0.310 39.395
 2000 YH2 27.410 51.280 7.8 20040714 345.9 233.0 219.4 12.9 0.303 39.345
 2000 YG2 39.173 46.472 7.7 20001202 359.9 181.8 235.9 24.7 0.085 42.823
 2000 YF2 41.762 49.620 6.9 20040714 257.2 92.0 81.2 2.0 0.086 45.691
 2000 YE2 40.551 44.644 8.0 20001202 359.9 189.7 227.2 4.8 0.048 42.597
 2000 YD2 38.501 47.372 7.9 20001202 359.9 349.7 65.3 21.5 0.103 42.937
 2000 YB2 37.530 39.984 6.8 20040714 79.2 203.7 135.6 3.8 0.032 38.757
 2000 YA2 41.394 46.812 6.9 20040714 96.1 168.2 147.0 1.9 0.061 44.103
 2000 YZ1 38.754 50.197 7.9 20040714 304.9 33.0 95.8 5.5 0.129 44.475
 2000 YX1 42.377 48.826 6.9 20040714 355.9 359.7 65.1 4.6 0.071 45.602
 2000 YW1 42.920 42.920 7.0 20001202 0.0 327.7 87.2 1.2 0.0 42.920
 2000 YV1 42.209 45.488 7.1 20040714 218.4 13.0 189.9 0.8 0.037 43.848
 2000 YU1 39.367 47.857 7.2 20040714 268.2 314.7 207.9 6.1 0.097 43.612
 2000 WO183 40.566 47.498 7.5 20040714 47.0 254.6 120.5 2.4 0.079 44.032
 2000 WN183 42.164 46.032 7.0 20001222 114.8 208.3 96.5 4.1 0.044 44.098
 2000 WM183 39.654 50.356 7.3 20040714 210.6 141.7 81.2 7.4 0.119 45.005
 2000 WL183 40.012 46.578 7.3 20040714 240.2 101.2 93.6 4.3 0.076 43.295
 2000 WK183 39.216 50.927 6.4 20040714 67.7 160.8 186.0 2.0 0.130 45.071
 2000 WT169 44.164 45.739 6.1 20040714 279.5 44.6 110.4 1.7 0.018 44.952
 2000 WX12 37.751 49.793 7.6 20001202 0.0 345.8 70.5 11.8 0.138 43.772
 2000 WW12 39.226 50.291 7.7 20040714 9.8 246.9 162.4 2.5 0.124 44.758
 2000 WV12 41.748 45.206 7.1 20040714 164.0 139.4 116.0 2.2 0.040 43.477
 2000 SY370 41.435 45.664 7.9 20040714 112.7 280.6 270.3 1.8 0.049 43.549
 2000 SX370 45.043 45.043 8.2 20000913 0.0 3.3 300.8 18.4 0.0 45.043
 2000 SW370 40.061 47.549 8.5 20000913 360.0 183.6 134.1 5.6 0.085 43.805
 2000 ST331 37.529 46.862 8.7 20040714 355.5 327.1 102.7 3.4 0.111 42.196
 2000 SP331 38.567 47.458 8.1 20000913 360.0 293.7 125.7 2.9 0.103 43.013
 2000 SO331 40.100 46.224 8.3 20000913 360.0 247.7 172.7 2.3 0.071 43.162
 2000 SL331 41.831 41.831 8.2 20000913 0.0 273.1 146.2 2.6 0.0 41.831
 2000 SK331 38.997 51.359 7.9 20040714 269.4 65.3 105.4 2.8 0.137 45.178
 2000 SJ331 41.422 41.422 8.3 20000913 0.0 304.8 113.6 2.5 0.0 41.422
 2000 SH331 44.756 44.756 7.7 20000913 0.0 296.0 122.3 2.9 0.0 44.756
 2000 SG331 44.158 44.158 7.8 20000913 0.0 294.5 125.9 2.4 0.0 44.158
 2000 SF331 44.020 44.020 7.4 20001023 0.1 327.7 91.7 4.1 0.0 44.020
 2000 SE331 43.525 43.525 7.9 20000913 0.0 202.9 216.5 5.2 0.0 43.525
 2000 SD331 43.688 43.688 7.5 20000913 0.0 294.3 124.8 2.6 0.0 43.688
 2000 SC331 46.480 46.480 7.9 20000913 359.7 196.9 223.1 8.8 0.0 46.480
 2000 SB331 46.379 46.379 7.7 20000913 0.0 336.7 82.1 6.3 0.0 46.379
 2000 QO252 38.883 52.228 7.0 20000804 0.0 9.1 327.5 13.1 0.146 45.556
 2000 QN252 36.507 36.507 7.7 20000804 0.0 54.8 263.8 1.5 0.0 36.507
 2000 QL252 37.402 41.916 7.2 20000804 0.0 173.2 162.0 25.3 0.057 39.659
 2000 QK252 36.274 54.020 6.3 20000804 180.0 347.5 141.4 7.8 0.197 45.147
 2000 QJ252 37.900 48.574 7.6 20000804 0.0 351.7 344.3 11.6 0.123 43.237
 2000 QN251 36.945 46.978 7.3 20040714 359.3 319.9 42.3 0.3 0.120 41.961
 2000 QM251 32.748 56.194 7.0 20040714 31.9 313.1 355.6 15.7 0.264 44.471
 2000 QL251 37.316 57.813 6.2 20040714 23.0 97.2 223.3 3.7 0.215 47.565
 2000 QA243 43.270 43.270 7.1 20000824 0.0 116.2 234.7 1.6 0.0 43.270
 2000 QL226 30.887 47.666 8.4 20000824 67.2 78.4 168.8 2.2 0.214 39.277
 2000 QJ226 34.908 43.879 8.1 20000824 65.8 106.6 153.5 9.5 0.114 39.394
 2000 QH226 33.106 46.140 9.1 20000824 360.0 346.2 352.3 2.5 0.164 39.623
 2000 QG226 34.466 44.348 7.7 20000824 84.0 107.4 132.4 2.0 0.125 39.407
 2000 QF226 46.499 46.499 8.3 20000824 0.0 296.9 41.0 2.3 0.0 46.499
 2000 QE226 45.948 45.948 6.3 20001003 0.1 219.6 118.9 1.2 0.0 45.948
 2000 QD226 41.171 41.171 7.3 20000824 0.0 3.8 334.7 2.2 0.0 41.171
 2000 QC226 36.740 55.459 6.7 20040714 57.7 163.3 99.9 2.7 0.203 46.100
 2000 QB226 45.644 45.644 6.6 20000824 0.0 331.7 6.0 3.5 0.0 45.644
 2000 PR30 39.168 45.485 8.1 20000804 0.0 347.8 315.9 0.7 0.075 42.327
 2000 PQ30 41.639 41.639 8.3 20000804 0.0 280.3 39.1 0.8 0.0 41.639
 2000 PN30 40.011 49.260 8.1 20040714 29.4 271.1 15.7 1.5 0.104 44.635
 2000 PM30 41.148 46.514 7.9 20040714 125.5 61.3 129.8 2.3 0.061 43.831
 2000 PL30 31.573 52.279 7.5 20040714 236.2 139.7 326.0 5.9 0.247 41.926
 2000 PG30 40.219 49.714 7.7 20040714 250.3 298.9 130.2 4.6 0.106 44.967
 2000 PD30 45.409 47.235 7.0 20040714 48.5 300.4 330.6 4.6 0.020 46.322
 2000 PC30 41.329 44.453 7.6 20040714 120.9 125.7 71.8 1.3 0.036 42.891
 2000 PB30 42.498 42.498 8.1 20000804 0.0 185.7 131.0 7.9 0.0 42.498
 2000 PA30 40.368 53.351 8.0 20040714 54.5 288.8 324.7 0.4 0.139 46.860
 2000 PZ29 44.900 44.900 7.5 20000804 0.0 358.9 319.1 13.8 0.0 44.900
 2000 PY29 41.419 46.663 7.2 20040714 161.2 115.0 44.8 0.8 0.060 44.041
 2000 PX29 39.977 44.872 7.6 20040714 268.2 273.9 135.3 6.4 0.058 42.425
 2000 PW29 41.354 46.696 8.3 20040714 72.6 83.2 148.0 1.8 0.061 44.025
 2000 PU29 41.672 42.913 8.1 20040714 321.7 121.3 227.3 0.7 0.015 42.293
 2000 OU69 41.077 44.985 6.1 20040714 357.8 229.8 77.2 4.4 0.045 43.031
 2000 OP67 35.276 51.761 6.8 20040714 50.8 76.6 182.6 0.8 0.189 43.518
 2000 ON67 41.330 44.267 6.0 20040714 173.5 109.3 57.8 3.1 0.034 42.798
 2000 OL67 40.053 49.699 6.6 20040714 56.4 310.8 322.7 2.0 0.107 44.876
 2000 OK67 40.039 52.514 5.8 20040714 338.8 359.3 4.3 4.9 0.135 46.277
 2000 OJ67 41.813 43.434 5.8 20040714 90.2 136.5 96.7 1.1 0.019 42.624
 2000 OH67 43.222 44.733 6.3 20040714 57.1 186.8 77.8 5.6 0.017 43.978
 2000 OY51 33.517 53.338 8.1 20040714 311.8 82.7 285.0 11.2 0.228 43.428
 2000 OB51 36.493 38.904 7.9 20040714 348.3 207.7 126.9 4.5 0.032 37.698
 2000 KL4 36.343 40.971 7.7 20040714 236.1 228.9 147.8 21.3 0.060 38.657
 2000 KK4 37.908 44.791 6.0 20040714 148.8 306.2 145.9 19.1 0.083 41.349
 2000 JH81 46.230 46.230 8.8 20000426 0.0 0.2 223.1 10.8 0.0 46.230
 2000 JG81 34.136 61.214 9.1 20040714 8.9 169.1 46.0 23.4 0.284 47.675
 2000 JF81 41.733 50.802 7.2 20040714 293.2 126.0 179.9 1.7 0.098 46.268
 2000 GP183 36.920 43.086 6.6 20040714 338.1 215.5 23.3 4.9 0.077 40.003
 2000 GM147 31.996 47.168 7.9 20000406 293.0 173.8 96.1 18.1 0.192 39.582
 2000 GL147 31.390 47.277 8.9 20000317 299.5 262.2 25.5 12.9 0.202 39.334
 2000 GK147 31.262 47.543 9.1 20000406 316.2 244.0 1.7 7.2 0.207 39.402
 2000 GF147 40.284 43.878 8.2 20000406 0.0 179.6 27.1 4.6 0.043 42.081
 2000 GE147 30.294 49.086 8.4 20040714 2.0 48.8 154.6 5.0 0.237 39.690
 2000 GZ146 43.878 43.878 7.8 20000317 0.0 357.4 215.7 2.0 0.0 43.878
 2000 GY146 43.593 44.932 7.9 20040714 159.7 20.8 13.5 2.7 0.015 44.262
 2000 GX146 43.897 44.909 7.8 20040714 129.5 79.3 344.6 0.7 0.011 44.403
 2000 GW146 41.205 41.205 8.1 20000317 0.0 180.0 8.9 29.0 0.0 41.205
 2000 GV146 41.087 47.471 7.6 20040714 38.6 66.6 99.9 3.7 0.072 44.279
 2000 FY53 29.114 49.485 8.9 20000317 297.9 269.5 28.7 18.4 0.259 39.299
 2000 FX53 37.962 49.826 8.2 20040714 342.7 32.7 175.1 4.7 0.135 43.894
 2000 FW53 40.276 54.123 7.2 20000317 179.1 337.0 50.3 6.7 0.147 47.200
 2000 FV53 32.779 46.042 8.2 20040714 12.3 350.3 207.5 17.3 0.168 39.410
 2000 FU53 39.198 45.587 8.5 20000406 12.1 160.8 32.0 5.3 0.075 42.392
 2000 FT53 38.225 52.452 8.1 20040714 315.9 243.4 35.3 12.0 0.157 45.338
 2000 FS53 41.586 44.996 7.7 20040714 47.5 135.5 26.0 2.1 0.039 43.291
 2000 FR53 40.801 48.680 7.7 20040714 71.4 91.6 39.4 2.5 0.088 44.741
 2000 FH8 42.504 45.042 7.3 20040714 147.8 32.9 8.8 2.1 0.029 43.773
 2000 FG8 41.857 47.041 7.8 20040714 284.7 113.3 159.6 1.1 0.058 44.449
 2000 FF8 41.000 49.824 7.6 20040714 275.3 107.9 178.3 4.5 0.097 45.412
 2000 FC8 41.645 46.771 8.0 20040714 192.0 26.8 332.5 0.7 0.058 44.208
 2000 FB8 28.196 50.921 8.3 20040714 282.3 299.3 1.7 4.6 0.287 39.558
 2000 FA8 42.656 45.786 7.5 20040714 335.8 3.3 212.8 0.8 0.035 44.221
 2000 CQ114 41.044 51.835 6.5 20040714 74.0 35.2 38.3 2.7 0.116 46.439
 2000 CP114 32.936 46.017 8.0 20000226 87.0 260.1 127.0 31.0 0.166 39.476
 2000 CO114 43.317 48.969 6.9 20000226 180.1 352.0 333.2 32.5 0.061 46.143
 2000 CN114 42.381 46.019 7.3 20040714 90.6 325.6 82.5 1.6 0.041 44.200
 2000 CY105 41.375 49.690 6.6 20000206 180.1 175.8 132.8 10.0 0.091 45.533
 2000 CS105 38.302 51.125 7.3 20000206 360.0 141.3 19.0 5.0 0.143 44.713
 2000 CO105 40.539 53.965 5.4 20040714 105.2 56.9 307.3 19.2 0.142 47.252
 2000 CN105 40.646 49.010 5.0 20040714 102.6 12.3 29.1 3.4 0.093 44.828
 2000 CM105 39.564 45.331 6.2 20040714 76.9 10.4 45.8 3.8 0.068 42.447
 2000 CL105 41.538 45.038 6.0 20040714 188.6 198.1 113.6 4.2 0.040 43.288
 2000 CK105 30.601 48.600 6.0 20040714 174.4 352.8 326.6 8.1 0.227 39.601
 2000 CJ105 39.899 49.013 5.6 20040714 134.2 230.4 154.2 11.6 0.103 44.456
 2000 CG105 44.837 48.367 6.5 20040714 88.3 92.0 314.1 27.9 0.038 46.602
 2000 CF105 42.270 45.978 6.9 20040714 10.9 57.9 57.0 0.5 0.042 44.124
 2000 CE105 41.410 46.795 6.8 20040714 6.3 30.2 76.8 0.5 0.061 44.103
 2000 CQ104 28.240 45.612 7.9 20040714 75.0 72.0 341.8 13.5 0.235 36.926
 2000 CP104 40.196 48.922 6.7 20040714 249.0 144.5 130.6 9.5 0.098 44.559
 2000 CN104 42.927 42.927 6.9 20000206 0.0 0.3 150.5 31.5 0.0 42.927
 2000 CM104 42.585 42.585 7.5 20000206 0.0 1.7 149.0 0.9 0.0 42.585
 2000 CL104 41.109 48.386 6.1 20040714 55.3 312.1 140.8 1.2 0.081 44.747
 2000 AF255 36.371 61.596 5.8 20040714 268.2 197.2 23.8 30.9 0.257 48.984
 2000 AE255 41.302 46.801 8.3 19991228 0.0 56.6 43.8 35.9 0.062 44.051
 2000 AD255 40.387 43.961 8.9 19991228 0.0 320.4 113.6 33.0 0.042 42.174
 2000 AC255 39.331 54.283 8.9 19991228 181.1 141.4 111.0 34.8 0.160 46.807
 2000 AB255 38.783 47.385 8.9 19991228 0.0 279.0 159.0 20.4 0.100 43.084
 1999 XY143 39.709 46.442 6.1 20040714 98.0 80.8 255.4 7.2 0.078 43.075
 1999 TR11 29.841 48.809 8.5 20040714 12.0 351.1 54.7 17.2 0.241 39.325
 1999 SA28 31.977 46.491 7.3 19990830 359.9 73.9 262.7 11.1 0.185 39.234
 1999 RK257 40.962 45.431 8.3 19990830 360.0 144.9 190.6 17.9 0.052 43.196
 1999 RC216 40.820 47.985 7.3 19991009 180.1 344.3 190.5 0.6 0.081 44.403
 1999 RB216 33.659 60.990 7.3 20040714 349.2 208.6 175.7 12.7 0.289 47.325
 1999 RA216 39.610 48.847 7.2 20040714 79.3 75.4 192.1 0.8 0.104 44.229
 1999 RY215 34.535 55.505 7.1 20040714 332.6 51.3 326.6 22.2 0.233 45.020
 1999 RX215 40.699 52.144 7.5 20040714 30.0 192.5 99.1 0.9 0.123 46.422
 1999 RW215 29.878 49.401 8.0 19991009 322.4 180.9 254.0 10.4 0.246 39.640
 1999 RV215 36.458 52.451 8.4 20040714 4.6 26.8 351.9 22.0 0.180 44.454
 1999 RU215 39.326 46.927 7.3 20040714 46.4 312.2 14.3 7.8 0.088 43.127
 1999 RT215 43.089 43.089 7.1 19991009 0.0 179.8 192.9 21.9 0.0 43.089
 1999 RR215 40.391 49.434 8.1 19991009 0.1 186.0 185.7 1.1 0.101 44.912
 1999 RN215 40.639 44.978 6.7 20040714 166.6 65.9 140.7 12.4 0.051 42.808
 1999 RK215 33.117 46.342 7.7 19991009 111.0 103.4 137.8 11.5 0.166 39.729
 1999 RH215 37.133 49.626 8.1 20040714 3.4 67.4 276.8 10.2 0.144 43.380
 1999 RG215 39.829 54.213 7.4 20040714 299.8 125.5 294.5 0.3 0.153 47.021
 1999 RF215 43.964 43.964 7.4 19991009 0.0 0.2 327.6 3.7 0.0 43.964
 1999 RE215 39.612 50.185 6.6 20040714 63.2 109.2 149.3 1.3 0.118 44.899
 1999 RC215 41.562 46.194 6.9 20040714 290.7 259.3 189.0 1.4 0.053 43.878
 1999 RB215 31.610 65.020 9.4 19991009 0.1 1.5 5.0 7.8 0.346 48.315
 1999 RY214 36.949 53.046 7.5 20040714 344.2 73.1 327.4 13.7 0.179 44.997
 1999 RX214 38.605 52.642 6.9 20040714 86.5 263.3 3.8 4.8 0.154 45.624
 1999 RW214 39.579 45.989 7.3 20040714 277.8 98.0 0.4 1.4 0.075 42.784
 1999 RV214 41.438 48.626 7.9 19990919 180.1 357.8 144.6 1.1 0.080 45.032
 1999 RT214 40.533 44.125 7.8 20040714 338.3 210.7 138.1 2.6 0.042 42.329
 1999 RS214 42.964 42.964 7.9 19990919 0.0 178.8 139.5 3.2 0.0 42.964
 1999 ON4 40.888 44.070 7.3 20040714 2.4 186.5 133.1 3.2 0.037 42.479
 1999 OM4 40.481 51.206 7.1 20040714 64.0 131.8 113.8 2.1 0.117 45.844
 1999 OK4 36.201 50.080 7.6 20040714 104.6 65.1 122.4 30.0 0.161 43.141
 1999 OJ4 36.926 38.885 6.8 20040714 258.5 299.3 127.5 4.0 0.026 37.905
 1999 OH4 38.799 41.880 8.3 20040714 30.0 154.3 124.2 28.2 0.038 40.340
 1999 OG4 40.464 53.166 7.7 20040714 92.1 100.6 111.3 1.4 0.136 46.815
 1999 OE4 43.243 47.049 7.0 20040714 337.9 215.6 130.9 2.2 0.042 45.146
 1999 OD4 37.328 45.226 7.3 20040714 226.5 149.3 301.5 14.4 0.096 41.277
 1999 OC4 37.653 52.939 8.3 20040714 48.7 202.0 55.4 1.2 0.169 45.296
 1999 OA4 41.111 47.220 7.9 20040714 124.3 54.8 137.0 3.1 0.069 44.166
 1999 OZ3 38.436 49.511 7.4 20040714 281.1 278.3 137.8 2.6 0.126 43.973
 1999 OY3 36.312 51.065 6.8 20040714 48.0 304.0 301.8 24.3 0.169 43.688
 1999 KR18 34.240 52.685 7.9 20040714 173.0 213.0 284.1 0.6 0.212 43.462
 1999 KL17 44.877 47.598 8.7 19990611 180.1 180.3 307.2 2.9 0.029 46.238
 1999 KK17 45.543 45.543 8.8 19990502 0.0 2.1 210.5 4.0 0.0 45.543
 1999 KT16 46.417 46.417 8.8 19990502 0.0 358.3 213.9 8.7 0.0 46.417
 1999 JK132 32.827 45.853 9.2 19990502 77.1 84.1 32.6 16.0 0.166 39.340
 1999 JJ132 41.132 50.456 8.8 19990502 179.9 182.1 210.5 3.4 0.102 45.794
 1999 JH132 42.008 42.008 9.6 19990502 0.0 5.3 207.0 0.7 0.0 42.008
 1999 JF132 44.464 44.464 7.9 19990502 0.0 182.8 30.0 1.9 0.0 44.464
 1999 JE132 31.761 47.120 8.6 19990502 67.9 269.5 213.2 25.0 0.195 39.440
 1999 JD132 42.567 44.086 7.7 20040714 14.5 173.3 30.9 10.5 0.018 43.326
 1999 JC132 29.902 49.159 8.7 19990502 284.7 280.2 35.8 5.7 0.244 39.531
 1999 JB132 28.668 50.405 8.2 19990502 296.4 95.5 211.9 13.1 0.275 39.537
 1999 JA132 44.539 44.539 7.7 19990502 0.0 181.6 0.8 6.9 0.0 44.539
 1999 HJ12 41.394 44.992 7.4 20040714 245.2 222.6 122.4 4.5 0.042 43.193
 1999 HH12 43.041 44.526 7.0 20040714 253.2 64.7 255.7 1.3 0.017 43.784
 1999 HG12 37.076 50.550 7.2 20040714 291.3 266.3 30.6 1.0 0.154 43.813
 1999 HC12 34.581 56.664 7.4 20040714 49.0 95.5 57.0 15.3 0.242 45.623
 1999 HA12 40.571 45.708 7.8 19990502 0.1 96.0 107.1 3.6 0.060 43.140
 1999 HZ11 39.047 45.717 8.4 19990412 360.0 20.0 170.1 10.1 0.079 42.382
 1999 HY11 39.637 44.679 8.3 19990412 360.0 151.9 35.9 6.2 0.060 42.158
 1999 HV11 42.129 44.165 7.8 20040714 121.0 287.2 160.8 3.2 0.024 43.147
 1999 HT11 38.915 49.024 7.1 20040714 309.8 186.2 87.9 5.1 0.115 43.970
 1999 HS11 43.408 45.263 6.5 20040714 314.0 153.1 105.7 2.6 0.021 44.335
 1999 HR11 42.180 45.683 7.2 20040714 349.5 125.4 83.3 3.3 0.040 43.931
 1999 GS46 40.984 48.530 6.9 20040714 78.5 99.5 24.3 5.2 0.084 44.757
 1999 DF9 39.783 53.788 6.1 20040714 6.0 176.8 334.8 9.8 0.150 46.786
 1999 DR8 40.397 50.643 9.3 19990211 180.2 340.8 339.0 8.2 0.113 45.520
 1999 DQ8 45.318 45.318 9.1 19990211 0.0 10.2 130.3 14.2 0.0 45.318
 1999 DO8 41.791 41.791 10.0 19990211 0.0 130.0 10.1 3.4 0.0 41.791
 1999 DN8 44.338 44.338 9.8 19990211 0.0 61.7 78.4 2.9 0.0 44.338
 1999 DM8 42.882 42.882 9.7 19990211 0.0 40.9 99.3 3.9 0.0 42.882
 1999 DL8 42.517 42.517 9.6 19990303 0.0 25.9 114.5 5.8 0.0 42.517
 1999 DH8 40.947 47.929 8.7 20040714 311.5 97.6 105.1 4.5 0.079 44.438
 1999 DF8 44.162 44.162 9.9 19990211 0.0 108.5 31.4 2.5 0.0 44.162
 1999 DE8 45.604 45.604 9.6 19990211 0.0 44.2 95.7 3.5 0.0 45.604
 1999 DD8 30.323 48.487 11.1 19990211 67.1 59.8 346.5 5.5 0.230 39.405
 1999 DC8 45.884 45.884 10.0 19990211 0.0 31.4 108.7 4.8 0.0 45.884
 1999 DB8 38.191 46.831 10.0 19990303 0.1 6.8 133.8 22.3 0.102 42.511
 1999 DA8 26.401 52.232 12.4 19990211 12.5 338.3 137.0 40.0 0.329 39.316
 1999 DZ7 28.876 49.948 8.8 19990211 180.7 348.4 330.7 14.3 0.267 39.412
 1999 DA 40.655 46.499 7.9 20040714 209.7 245.8 54.1 2.8 0.067 43.577
 1999 CM158 28.464 51.137 7.8 20040714 17.2 165.4 338.9 9.3 0.285 39.800
 1999 CK158 37.999 44.160 8.2 20040714 43.7 318.1 127.7 17.1 0.075 41.080
 1999 CD158 37.678 50.096 5.1 20040714 234.5 142.9 119.0 25.4 0.141 43.887
 1999 CH154 42.774 43.827 7.7 20040714 57.7 274.4 164.7 0.8 0.012 43.301
 1999 CG154 39.599 46.965 7.4 20040714 230.0 171.5 100.2 0.8 0.085 43.282
 1999 CU153 41.341 47.563 7.2 20040714 52.7 298.8 139.3 2.7 0.070 44.452
 1999 CT153 40.940 49.281 8.1 19990211 360.0 357.7 163.1 4.5 0.092 45.111
 1999 CS153 39.161 50.410 8.1 20040714 300.4 221.5 343.5 1.0 0.126 44.786
 1999 CR153 40.906 45.332 8.2 19990211 360.0 201.3 324.5 1.4 0.051 43.119
 1999 CQ153 44.330 44.330 7.6 19990211 0.0 336.1 181.2 0.2 0.0 44.330
 1999 CP153 38.249 52.350 7.7 20040714 106.1 247.9 122.8 3.0 0.156 45.299
 1999 CO153 40.000 47.997 7.4 20040714 42.6 161.5 278.0 0.8 0.091 43.998
 1999 CN153 41.911 43.273 7.7 19990303 180.1 179.4 153.0 7.5 0.016 42.592
 1999 CM153 39.467 52.682 7.4 20040714 45.3 4.0 93.1 0.2 0.143 46.074
 1999 CR133 42.250 42.250 8.1 19990211 0.0 348.0 135.1 1.7 0.0 42.250
 1999 CQ133 37.667 45.372 7.0 20040714 239.3 134.5 123.3 13.2 0.093 41.520
 1999 CP133 32.022 38.277 7.5 20040714 29.2 159.4 334.2 3.2 0.089 35.149
 1999 CA132 39.660 48.272 7.4 19990303 0.1 0.5 154.9 12.1 0.098 43.966
 1999 CZ131 42.968 45.852 8.1 19990211 360.0 359.9 151.8 2.4 0.032 44.410
 1999 CY131 37.995 49.851 8.1 19990211 360.0 0.1 148.2 25.2 0.135 43.923
 1999 CX131 32.581 52.473 7.0 20040714 286.7 108.8 128.0 9.7 0.234 42.527
 1999 CW131 43.372 43.934 7.9 20040714 125.5 240.1 174.6 7.9 0.006 43.653
 1999 CN119 40.644 48.405 8.0 20040714 93.4 45.6 347.5 1.0 0.087 44.524
 1999 CM119 38.779 50.403 7.9 20040714 64.8 297.0 118.5 2.7 0.130 44.591
 1999 CK119 42.082 42.082 7.9 19990211 0.0 3.0 123.1 11.6 0.0 42.082
 1999 CJ119 42.311 48.986 7.4 20040714 353.1 187.8 313.4 3.2 0.073 45.648
 1999 CH119 40.131 46.947 7.3 20040714 200.9 169.1 122.3 19.9 0.078 43.539
 1999 CE119 28.776 50.539 8.7 20040714 349.2 34.3 171.6 1.5 0.274 39.657
 1999 CD119 42.825 45.161 7.3 19990303 180.1 183.9 166.4 2.4 0.027 43.993
 1999 CC119 41.765 48.372 7.2 20040714 291.4 60.2 190.4 0.5 0.073 45.069
 1999 CB119 40.884 53.723 7.0 20040714 11.0 351.6 168.1 8.7 0.136 47.304
 1999 CA119 45.153 45.153 7.7 19990323 181.8 319.9 24.9 0.3 0.0 45.153
 1999 CX118 42.472 44.852 7.1 19990303 180.1 175.7 175.7 1.8 0.027 43.662
 1999 CW118 43.455 43.455 7.8 19990323 198.7 173.5 154.5 0.8 0.0 43.455
 1998 WZ31 32.914 46.171 8.1 20040714 17.3 353.3 50.6 14.6 0.168 39.542
 1998 WY31 39.868 50.775 6.6 20040714 283.6 106.6 63.7 2.0 0.120 45.322
 1998 WX31 40.572 50.473 6.6 20040714 356.0 43.7 37.6 3.0 0.109 45.523
 1998 WW31 40.849 48.411 6.1 20040714 123.9 50.6 237.1 6.8 0.085 44.630
 1998 WV31 28.799 49.266 7.7 20040714 49.7 274.5 58.5 5.7 0.262 39.033
 1998 WT31 37.495 54.542 7.0 20040714 338.9 42.8 41.6 28.7 0.185 46.019
 1998 WS31 31.471 47.215 8.2 20040714 3.9 29.0 16.0 6.8 0.200 39.343
 1998 WZ24 32.388 46.581 8.1 19981213 0.1 356.0 80.3 4.5 0.180 39.485
 1998 WY24 41.417 45.196 6.7 20040714 327.8 15.6 102.6 1.9 0.044 43.306
 1998 WX24 41.483 45.130 6.5 20040714 187.7 172.4 60.8 0.9 0.042 43.306
 1998 WV24 37.731 40.066 7.4 20040714 61.9 163.8 183.7 1.5 0.030 38.898
 1998 WG24 39.747 51.716 6.6 20040714 328.9 35.6 88.3 2.2 0.131 45.732
 1998 UU43 31.675 41.199 7.0 20040714 270.3 279.2 231.3 9.6 0.131 36.437
 1998 US43 34.114 44.404 7.9 20040714 42.4 141.3 223.9 10.6 0.131 39.259
 1998 UR43 30.770 48.115 8.1 20040714 344.7 19.2 53.9 8.8 0.220 39.442
 1998 KG66 45.201 45.201 8.9 19980507 0.0 358.4 199.7 3.5 0.0 45.201
 1998 KF66 31.138 47.879 9.8 19980507 359.9 182.3 16.3 6.2 0.212 39.508
 1998 KE66 42.063 42.063 9.0 19980507 0.0 178.6 19.3 2.8 0.0 42.063
 1998 KD66 40.896 45.267 8.9 19980507 360.0 357.1 200.6 5.1 0.051 43.082
 1998 KS65 42.257 44.941 7.7 20040714 14.8 193.0 102.6 1.2 0.031 43.599
 1998 KR65 41.920 44.772 6.8 20040714 233.9 337.8 101.9 1.2 0.033 43.346
 1998 KG62 40.956 45.526 6.6 20040714 217.5 120.1 336.6 0.8 0.053 43.241
 1998 KY61 41.968 46.376 7.3 20040714 187.0 1.2 122.9 2.1 0.050 44.172
 1998 HR151 39.934 51.079 8.6 19980527 0.1 359.7 194.7 6.6 0.122 45.506
 1998 HQ151 28.182 50.940 8.8 20040714 17.0 345.9 228.9 11.9 0.288 39.561
 1998 HP151 40.321 47.882 7.4 20040714 301.8 249.0 55.9 1.5 0.086 44.101
 1998 HO151 37.817 45.518 8.2 20040714 218.5 215.0 123.3 16.7 0.092 41.668
 1998 HN151 36.407 39.942 8.7 20040714 207.3 305.9 37.4 24.9 0.046 38.175
 1998 HL151 37.119 44.826 8.1 20040714 48.1 133.4 16.3 27.9 0.094 40.972
 1998 HH151 31.988 47.211 8.4 20040714 346.5 32.7 194.8 8.8 0.192 39.600
 1998 FS144 41.165 42.939 6.7 20040714 83.1 220.9 228.9 9.9 0.021 42.052
 1997 UG25 43.307 43.307 8.5 19971019 0.0 5.4 59.9 0.6 0.0 43.307
 1997 UF25 44.891 44.891 9.0 19971019 0.0 186.0 239.4 1.2 0.0 44.891
 1997 TX8 31.986 46.637 8.5 19970929 0.3 117.4 239.9 9.0 0.186 39.312
 1997 SZ10 30.507 64.885 8.6 20040714 17.0 341.6 9.5 11.8 0.360 47.696
 1997 RL13 44.516 44.516 9.5 19970820 0.0 51.7 312.5 5.7 0.0 44.516
 1997 RX9 39.114 43.731 8.3 20040714 115.2 68.0 163.9 30.1 0.056 41.423
 1997 RY6 41.360 41.360 7.5 19970929 2.2 37.9 318.5 12.4 0.0 41.360
 1997 RT5 39.914 42.330 7.3 20040714 178.3 10.5 163.8 12.8 0.029 41.122
 1997 QH4 39.191 45.919 7.1 20040714 302.7 74.5 355.8 13.2 0.079 42.555
 1997 GA45 39.894 47.883 8.0 19970402 360.0 0.3 177.1 8.3 0.091 43.889
 1997 CW29 36.271 42.480 6.5 19970221 179.7 188.5 110.7 19.0 0.079 39.375
 1997 CV29 40.235 44.749 7.4 20040714 355.0 32.3 121.2 8.0 0.053 42.492
 1997 CT29 42.846 45.198 6.6 20040714 231.5 198.3 74.9 1.0 0.027 44.022
 1996 TC68 38.934 45.007 6.2 19961004 360.0 17.3 342.2 21.8 0.072 41.970
 1996 TS66 38.292 49.424 6.4 20040714 344.7 141.6 286.0 7.3 0.127 43.858
 1996 TQ66 34.612 44.080 7.0 20040714 7.3 20.5 10.8 14.7 0.120 39.346
 1996 TK66 41.852 43.275 6.2 20040714 124.4 204.0 44.6 3.3 0.017 42.563
 1996 RR20 32.369 46.379 6.7 20040714 126.4 47.4 163.6 5.3 0.178 39.374
 1996 RQ20 39.455 48.005 7.0 20040714 9.9 359.4 11.6 31.7 0.098 43.730
 1996 KY1 35.712 43.322 8.0 19960517 0.0 6.0 248.6 30.9 0.096 39.517
 1996 KX1 35.704 43.381 8.5 19960517 360.0 17.9 197.5 1.5 0.097 39.543
 1996 KV1 40.202 50.195 7.3 20040714 343.3 193.4 92.6 8.1 0.111 45.198
 1995 YY3 30.731 48.096 8.5 20040714 13.2 322.5 99.6 0.4 0.220 39.413
 1995 WY2 40.507 52.796 7.0 20040714 276.5 107.8 78.8 1.7 0.132 46.652
 1995 KK1 31.981 46.969 8.5 19950523 21.7 328.4 228.1 9.3 0.190 39.475
 1995 KJ1 43.468 43.468 6.5 19950612 0.0 180.6 47.8 2.7 0.0 43.468
 1995 HM5 29.620 49.937 8.3 20040714 336.5 59.2 186.6 4.8 0.255 39.779
 1995 GY7 41.347 41.347 7.5 19950324 0.0 203.5 34.5 0.9 0.0 41.347
 1995 GA7 34.751 44.160 7.5 19950324 63.9 100.2 21.0 3.5 0.119 39.455
 1995 GJ 39.006 46.808 7.0 19950324 360.0 180.3 338.9 22.9 0.091 42.907
 1995 FB21 42.426 42.426 7.5 19950324 0.0 209.6 28.4 0.7 0.0 42.426
 1995 DC2 41.715 47.094 7.2 20040714 262.7 114.0 154.2 2.3 0.061 44.405
 1995 DB2 40.189 53.384 7.6 20040714 8.3 3.2 128.6 4.1 0.141 46.786
 1994 TG2 42.448 42.448 7.0 19941015 0.0 358.7 353.3 2.2 0.0 42.448
 1994 TH 40.940 40.940 7.0 19940925 0.0 356.6 12.1 16.1 0.0 40.940
 1994 TG 42.254 42.254 7.0 19940925 0.0 353.0 15.5 6.8 0.0 42.254
 1994 JV 35.251 35.251 7.0 19940508 0.0 180.0 28.1 18.1 0.0 35.251
 1994 EV3 41.489 44.712 7.2 20040714 174.7 16.1 19.5 1.7 0.037 43.100
 1994 ES2 40.831 51.456 7.5 20040714 291.7 96.7 154.8 1.1 0.115 46.144
 1993 RP 34.863 43.795 9.0 19930910 360.0 180.6 192.1 2.6 0.114 39.329
 1993 RO 31.478 46.637 8.4 20040714 10.0 188.6 170.4 3.7 0.194 39.057
 1993 FW 41.672 46.293 7.0 20040714 338.3 38.9 187.9 7.7 0.053 43.982
 2002 XW93 28.274 46.779 5.5 20040714 122.1 247.6 46.9 14.4 0.247 37.527
 2000 PK30 33.789 43.217 7.3 20040714 48.3 125.4 127.4 33.8 0.122 38.503
 1998 WU31 31.962 46.497 8.0 20040714 29.0 142.2 237.2 6.6 0.185 39.230
 1998 WA25 41.667 43.313 7.2 20040714 62.2 216.6 136.3 1.0 0.019 42.490
 1998 WW24 30.601 48.255 7.5 20040714 26.1 146.8 234.0 13.9 0.224 39.428
 1999 RZ253 39.820 47.373 5.9 20040714 45.6 194.9 84.7 0.6 0.087 43.596
 1999 OF4 41.804 47.728 6.9 20040714 95.4 84.7 134.4 2.7 0.066 44.766
 2000 FD8 34.345 53.622 6.6 20040714 309.6 79.5 184.8 19.5 0.219 43.983
 2000 CH105 40.817 48.448 6.3 20040714 289.2 287.0 320.0 1.2 0.085 44.633
 1999 CL158 32.906 50.598 6.9 20040714 29.1 329.4 120.1 10.0 0.212 41.752
 1997 CQ29 39.911 51.138 6.6 20040714 43.2 339.0 132.5 2.9 0.123 45.525
 2002 VE95 27.982 50.622 5.3 20040714 3.9 207.4 199.9 16.3 0.288 39.30 
 2002 UX25 36.462 48.739 3.6 20040714 279.7 278.2 204.6 19.5 0.144 42.600
 2002 TX300 37.882 48.322 3.3 20040714 59.1 339.1 324.7 25.9 0.121 43.102
 2002 AW197 41.336 53.666 3.3 20040714 281.2 293.2 297.4 24.3 0.130 47.501
 1999 HU11-Deucalion 41.587 47.007 6.6 20040714 289.4 236.4 51.6 0.4 0.061 44.297
 1998 HM151 41.904 47.042 7.9 20040714 302.4 245.8 64.0 0.5 0.058 44.473
 2002 LM60-Quaoar 41.890 44.864 2.6 20040714 272.3 155.9 188.8 8.0 0.034 43.377
 1999 RA215 38.496 47.433 7.3 20040714 289.2 271.8 132.3 22.6 0.104 42.964
 2000 GN171 28.302 50.990 6.0 20040714 352.4 194.6 26.1 10.8 0.286 39.646
 1999 TC36 30.547 47.961 4.9 20040714 343.9 295.3 97.1 8.4 0.222 39.254
 2000 PV29 42.725 43.830 8.0 20040714 92.9 42.8 173.3 1.2 0.013 43.277
 1999 KR16 34.036 64.116 5.8 20040714 333.5 58.0 205.6 24.8 0.306 49.076
 2000 EB173-Huya 28.563 50.778 4.7 20040714 345.2 67.2 169.3 15.5 0.280 39.671
 1999 HX11-Rhadamanthus 33.194 45.258 6.7 20040714 80.0 82.4 10.0 12.7 0.154 39.226
 1998 SN165 36.081 39.425 5.8 20040714 264.6 269.2 192.1 4.6 0.044 37.753
 1998 VG44 29.349 49.315 6.5 20040714 346.1 324.6 128.0 3.0 0.254 39.332
 1997 CU29 42.145 45.221 6.6 20040714 233.2 260.8 350.5 1.5 0.035 43.683
 1995 QY9 29.204 49.751 7.5 20040714 357.2 25.3 342.1 4.8 0.260 39.478
 2001 KX76-Ixion 29.944 49.026 3.2 20040714 263.6 299.9 71.0 19.6 0.242 39.485
 1998 SM165 29.964 64.897 5.8 20040714 32.9 130.6 183.2 13.5 0.368 47.430
 1998 HJ151 41.158 45.760 7.5 20040714 55.0 127.7 50.4 2.4 0.053 43.459
 1997 QJ4 30.388 48.085 7.5 20040714 320.2 82.8 346.9 16.6 0.226 39.236
 1995 SM55 37.346 46.149 4.8 20040714 312.3 72.4 21.1 27.1 0.105 41.748
 1996 TR66 28.705 66.554 7.5 20040714 41.2 308.8 343.1 12.5 0.397 47.629
 1995 QZ9 33.701 44.928 7.9 20040714 42.7 142.6 188.1 19.6 0.143 39.314
 2000 WR106-Varuna 40.917 45.341 3.7 20040714 89.6 271.7 97.3 17.2 0.051 43.129
 1998 WH24-Chaos 40.935 50.633 4.9 20040714 324.1 58.3 50.0 12.0 0.106 45.784
 1996 TO66 37.960 48.338 4.5 20040714 122.9 238.9 355.3 27.5 0.120 43.149
 1996 SZ4 29.353 49.598 8.2 20040714 350.1 30.6 16.0 4.7 0.256 39.476
 1994 VK8 41.371 44.351 7.0 20040714 253.1 112.1 72.4 1.5 0.035 42.861
 1994 JQ1 42.038 46.485 6.9 20040714 315.2 246.0 25.6 3.7 0.050 44.262
 1997 CR29 37.238 57.410 7.2 20040714 53.2 302.6 127.2 19.1 0.213 47.324
 1996 TP66 26.369 52.283 6.8 20040714 6.0 75.5 316.9 5.7 0.329 39.326
 1995 DA2 33.758 39.505 8.1 20040714 34.6 337.8 127.5 6.5 0.078 36.631
 1994 TB 26.931 51.751 7.1 20040714 338.6 99.4 317.5 12.2 0.315 39.341
 1994 JR1 34.729 44.048 7.7 20040714 13.0 101.3 144.7 3.8 0.118 39.388
 1994 JS 33.104 51.359 7.8 20040714 335.5 236.7 56.3 14.0 0.216 42.231
 1994 GV9 41.181 46.928 7.4 20040714 54.3 309.6 176.8 0.6 0.065 44.055
 1993 SC 32.164 46.581 6.9 20040714 49.5 316.3 354.7 5.2 0.183 39.373
 1993 SB 26.699 51.774 7.7 20040714 332.8 79.5 354.9 1.9 0.320 39.237
 1992 QB1 40.891 46.642 7.2 20040714 12.0 3.5 359.5 2.2 0.066 43.766
